5;1.57493E-6
10;1.60018E-6
10.45455;1.6054E-6
10.90909;1.60897E-6
11.36364;1.61428E-6
11.81818;1.61712E-6
12.27273;1.61864E-6
12.72727;1.62239E-6
13.18182;1.6277E-6
13.63636;1.62982E-6
14.09091;1.6332E-6
14.54545;1.64063E-6
15;1.64584E-6
15.45455;1.65714E-6
15.90909;1.66592E-6
16.36364;1.68551E-6
16.81818;1.70058E-6
17.27273;1.71548E-6
17.72727;1.72814E-6
18.18182;1.74824E-6
18.63636;1.77487E-6
19.09091;1.79963E-6
19.54545;1.82718E-6
20;1.85473E-6
20.45455;1.88805E-6
20.90909;1.92808E-6
21.36364;1.96811E-6
21.81818;2.00199E-6
22.27273;2.04187E-6
22.72727;2.094E-6
23.18182;2.1398E-6
23.63636;2.19977E-6
24.09091;2.2481E-6
24.54545;2.30453E-6
25;2.36834E-6
25.45455;2.42751E-6
25.90909;2.50317E-6
26.36364;2.57246E-6
26.81818;2.64608E-6
27.27273;2.72185E-6
27.72727;2.81485E-6
28.18182;2.90267E-6
28.63636;2.998E-6
29.09091;3.09614E-6
29.54545;3.20594E-6
30;3.318E-6
30.45455;3.43913E-6
30.90909;3.55392E-6
31.36364;3.68594E-6
31.81818;3.82614E-6
32.27273;3.95861E-6
32.72727;4.1053E-6
33.18182;4.24669E-6
33.63636;4.41063E-6
34.09091;4.56913E-6
34.54545;4.75037E-6
35;4.91993E-6
35.45455;5.10607E-6
35.90909;5.30205E-6
36.36364;5.4895E-6
36.81818;5.68341E-6
37.27273;5.89887E-6
37.72727;6.12048E-6
38.18182;6.34474E-6
38.63636;6.58659E-6
39.09091;6.82636E-6
39.54545;7.07979E-6
40;7.33822E-6
40.45455;7.5872E-6
40.90909;7.8703E-6
41.36364;8.15523E-6
41.81818;8.4555E-6
42.27273;8.76398E-6
42.72727;9.06228E-6
43.18182;9.36744E-6
43.63636;9.70236E-6
44.09091;1.00363E-5
44.54545;1.03634E-5
45;1.07208E-5
45.45455;1.10395E-5
45.90909;1.14032E-5
46.36364;1.18086E-5
46.81818;1.21905E-5
47.27273;1.25781E-5
47.72727;1.29388E-5
48.18182;1.33385E-5
48.63636;1.37584E-5
49.09091;1.4172E-5
49.54545;1.45944E-5
50;1.50318E-5
50.45455;1.54651E-5
50.90909;1.59291E-5
51.36364;1.63929E-5
51.81818;1.68605E-5
52.19482;1.72774E-5
52.51176;1.76318E-5
52.8287;1.7987E-5
53.14565;1.83434E-5
53.46259;1.87015E-5
53.77953;1.90619E-5
54.09647;1.94252E-5
54.41341;1.97918E-5
54.73036;2.01624E-5
55.0473;2.05375E-5
55.36424;2.09182E-5
55.68118;2.13062E-5
55.99812;2.1703E-5
56.31507;2.21098E-5
56.63201;2.25252E-5
56.94895;2.29459E-5
57.26589;2.3369E-5
57.58283;2.37918E-5
57.89977;2.42138E-5
58.21672;2.46351E-5
58.53366;2.5056E-5
58.8506;2.5477E-5
59.16754;2.59001E-5
59.48448;2.63274E-5
59.80143;2.67613E-5
60.11837;2.72023E-5
60.43531;2.76489E-5
60.75225;2.80994E-5
61.06919;2.85521E-5
61.38614;2.90057E-5
61.70308;2.94596E-5
62.02002;2.99134E-5
62.33696;3.03666E-5
62.6539;3.08203E-5
62.97085;3.12769E-5
63.28779;3.17391E-5
63.60473;3.22089E-5
63.92167;3.26858E-5
64.23861;3.31676E-5
64.55556;3.36522E-5
64.8725;3.41378E-5
65.18944;3.46242E-5
65.50638;3.51118E-5
65.82332;3.5601E-5
66.14027;3.60923E-5
66.45721;3.65863E-5
66.77415;3.70837E-5
67.09109;3.75854E-5
67.40803;3.80916E-5
67.72497;3.86019E-5
68.04192;3.91159E-5
68.35886;3.96331E-5
68.6758;4.01533E-5
68.99274;4.06767E-5
69.30968;4.12035E-5
69.62663;4.17338E-5
69.94357;4.22674E-5
70.26051;4.28037E-5
70.57745;4.33418E-5
70.89439;4.38813E-5
71.21134;4.44219E-5
71.52828;4.49636E-5
71.84522;4.55066E-5
72.16216;4.6051E-5
72.4791;4.65971E-5
72.79605;4.71449E-5
73.11299;4.76947E-5
73.42993;4.82464E-5
73.74687;4.88E-5
74.06381;4.93555E-5
74.38076;4.99127E-5
74.6977;5.04714E-5
75.01464;5.10318E-5
75.33158;5.15935E-5
75.64852;5.21566E-5
75.96547;5.27208E-5
76.28241;5.32863E-5
76.59935;5.38527E-5
76.91629;5.442E-5
77.23323;5.49882E-5
77.55018;5.55571E-5
77.86712;5.61266E-5
78.18406;5.66967E-5
78.501;5.72672E-5
78.81794;5.78383E-5
79.13488;5.841E-5
79.45183;5.89822E-5
79.76877;5.9555E-5
80.08571;6.01283E-5
80.40265;6.07023E-5
80.71959;6.1277E-5
81.03654;6.18523E-5
81.35348;6.24282E-5
81.67042;6.30049E-5
81.98736;6.35822E-5
82.3043;6.41603E-5
82.62125;6.47391E-5
82.93819;6.53186E-5
83.25513;6.58989E-5
83.57207;6.648E-5
83.88901;6.70619E-5
84.20596;6.76447E-5
84.5229;6.82282E-5
84.83984;6.88127E-5
85.15678;6.9398E-5
85.47372;6.99841E-5
85.79067;7.05712E-5
86.10761;7.11593E-5
86.42455;7.17482E-5
86.74149;7.2338E-5
87.05843;7.29288E-5
87.37538;7.35204E-5
87.69232;7.41129E-5
88.00926;7.47062E-5
88.3262;7.53004E-5
88.64314;7.58954E-5
88.96009;7.64912E-5
89.27703;7.70878E-5
89.59397;7.76851E-5
89.91091;7.82832E-5
90.22785;7.88821E-5
90.54479;7.94817E-5
90.86174;8.0082E-5
91.17868;8.06829E-5
91.49562;8.12846E-5
91.81256;8.18869E-5
92.1295;8.24899E-5
92.44645;8.30935E-5
92.76339;8.36977E-5
93.08033;8.43025E-5
93.39727;8.49079E-5
93.71421;8.55139E-5
94.03116;8.61205E-5
94.3481;8.67275E-5
94.66504;8.73351E-5
94.98198;8.79432E-5
95.29892;8.85518E-5
95.61587;8.91609E-5
95.93281;8.97704E-5
96.24975;9.03804E-5
96.56669;9.09908E-5
96.88363;9.16017E-5
97.20058;9.22129E-5
97.51752;9.28245E-5
97.83446;9.34365E-5
98.1514;9.40489E-5
98.46834;9.46615E-5
98.78529;9.52745E-5
99.10223;9.58879E-5
99.41917;9.65015E-5
99.73611;9.71153E-5
100.05305;9.77295E-5
100.36999;9.83439E-5
100.68694;9.89585E-5
101.00388;9.95733E-5
101.32082;1.00188E-4
101.63776;1.00804E-4
101.9547;1.01419E-4
102.27165;1.02034E-4
102.58859;1.0265E-4
102.90553;1.03266E-4
103.22247;1.03882E-4
103.53941;1.04498E-4
103.85636;1.05114E-4
104.1733;1.0573E-4
104.49024;1.06346E-4
104.80718;1.06962E-4
105.12412;1.07579E-4
105.44107;1.08195E-4
105.75801;1.08811E-4
106.07495;1.09427E-4
106.39189;1.10044E-4
106.70883;1.1066E-4
107.02578;1.11276E-4
107.34272;1.11893E-4
107.65966;1.12509E-4
107.9766;1.13126E-4
108.29354;1.13742E-4
108.61049;1.14359E-4
108.92743;1.14976E-4
109.24437;1.15593E-4
109.56131;1.1621E-4
109.87825;1.16828E-4
110.1952;1.17445E-4
110.51214;1.18063E-4
110.82908;1.18681E-4
111.14602;1.19299E-4
111.46296;1.19917E-4
111.7799;1.20536E-4
112.09685;1.21154E-4
112.41379;1.21773E-4
112.73073;1.22392E-4
113.04767;1.23012E-4
113.36461;1.23632E-4
113.68156;1.24252E-4
113.9985;1.24872E-4
114.31544;1.25493E-4
114.63238;1.26114E-4
114.94932;1.26735E-4
115.26627;1.27357E-4
115.58321;1.27979E-4
115.90015;1.28601E-4
116.21709;1.29224E-4
116.53403;1.29847E-4
116.85098;1.3047E-4
117.16792;1.31093E-4
117.48486;1.31716E-4
117.8018;1.3234E-4
118.11874;1.32964E-4
118.43569;1.33588E-4
118.75263;1.34212E-4
119.06957;1.34836E-4
119.38651;1.3546E-4
119.70345;1.36084E-4
120.0204;1.36708E-4
120.33734;1.37332E-4
120.65428;1.37957E-4
120.97122;1.38581E-4
121.28816;1.39205E-4
121.60511;1.39829E-4
121.92205;1.40453E-4
122.23899;1.41077E-4
122.55593;1.41701E-4
122.87287;1.42324E-4
123.18981;1.42947E-4
123.50676;1.43571E-4
123.8237;1.44194E-4
124.14064;1.44816E-4
124.45758;1.45439E-4
124.77452;1.46061E-4
125.09147;1.46683E-4
125.40841;1.47304E-4
125.72535;1.47926E-4
126.04229;1.48547E-4
126.35923;1.49168E-4
126.67618;1.49788E-4
126.99312;1.50409E-4
127.31006;1.51029E-4
127.627;1.51649E-4
127.94394;1.52269E-4
128.26089;1.52889E-4
128.57783;1.53508E-4
128.89477;1.54127E-4
129.21171;1.54746E-4
129.52865;1.55365E-4
129.8456;1.55984E-4
130.16254;1.56603E-4
130.47948;1.57221E-4
130.79642;1.5784E-4
131.11336;1.58458E-4
131.43031;1.59076E-4
131.74725;1.59694E-4
132.06419;1.60312E-4
132.38113;1.6093E-4
132.69807;1.61548E-4
133.01502;1.62166E-4
133.33196;1.62784E-4
133.6489;1.63402E-4
133.96584;1.64019E-4
134.28278;1.64637E-4
134.59972;1.65255E-4
134.91667;1.65872E-4
135.23361;1.6649E-4
135.55055;1.67108E-4
135.86749;1.67725E-4
136.18443;1.68343E-4
136.50138;1.6896E-4
136.81832;1.69578E-4
137.13526;1.70195E-4
137.4522;1.70813E-4
137.76914;1.7143E-4
138.08609;1.72048E-4
138.40303;1.72666E-4
138.71997;1.73283E-4
139.03691;1.73901E-4
139.35385;1.74518E-4
139.6708;1.75136E-4
139.98774;1.75753E-4
140.30468;1.76371E-4
140.62162;1.76988E-4
140.93856;1.77606E-4
141.25551;1.78223E-4
141.57245;1.78841E-4
141.88939;1.79458E-4
142.20633;1.80076E-4
142.52327;1.80693E-4
142.84022;1.81311E-4
143.15716;1.81929E-4
143.4741;1.82546E-4
143.79104;1.83164E-4
144.10798;1.83781E-4
144.42492;1.84399E-4
144.74187;1.85016E-4
145.05881;1.85634E-4
145.37575;1.86251E-4
145.69269;1.86868E-4
146.00963;1.87484E-4
146.32658;1.881E-4
146.64352;1.88716E-4
146.96046;1.89332E-4
147.2774;1.89946E-4
147.59434;1.90561E-4
147.91129;1.91175E-4
148.22823;1.91788E-4
148.54517;1.924E-4
148.86211;1.93012E-4
149.17905;1.93623E-4
149.496;1.94234E-4
149.81294;1.94843E-4
150.12988;1.95451E-4
150.44682;1.96059E-4
150.76376;1.96665E-4
151.08071;1.97271E-4
151.39765;1.97875E-4
151.71459;1.98479E-4
152.03153;1.99081E-4
152.34847;1.99682E-4
152.66542;2.00281E-4
152.98236;2.00879E-4
153.2993;2.01476E-4
153.61624;2.02072E-4
153.93318;2.02666E-4
154.25013;2.03259E-4
154.56707;2.03851E-4
154.88401;2.04442E-4
155.20095;2.05032E-4
155.51789;2.05621E-4
155.83483;2.0621E-4
156.15178;2.06799E-4
156.46872;2.07387E-4
156.78566;2.07975E-4
157.1026;2.08564E-4
157.41954;2.09152E-4
157.73649;2.09741E-4
158.05343;2.1033E-4
158.37037;2.1092E-4
158.68731;2.1151E-4
159.00425;2.12102E-4
159.3212;2.12694E-4
159.63814;2.13286E-4
159.95508;2.1388E-4
160.27202;2.14474E-4
160.58896;2.15069E-4
160.90591;2.15664E-4
161.22285;2.16261E-4
161.53979;2.16858E-4
161.85673;2.17456E-4
162.17367;2.18054E-4
162.49062;2.18653E-4
162.80756;2.19253E-4
163.1245;2.19854E-4
163.44144;2.20455E-4
163.75838;2.21057E-4
164.07533;2.21659E-4
164.39227;2.22263E-4
164.70921;2.22866E-4
165.02615;2.23471E-4
165.34309;2.24075E-4
165.66004;2.24681E-4
165.97698;2.25286E-4
166.29392;2.25893E-4
166.61086;2.26499E-4
166.9278;2.27106E-4
167.24474;2.27713E-4
167.56169;2.28321E-4
167.87863;2.28929E-4
168.19557;2.29537E-4
168.51251;2.30145E-4
168.82945;2.30753E-4
169.1464;2.31362E-4
169.46334;2.31971E-4
169.78028;2.3258E-4
170.09722;2.33188E-4
170.41416;2.33797E-4
170.73111;2.34406E-4
171.04805;2.35015E-4
171.36499;2.35624E-4
171.68193;2.36233E-4
171.99887;2.36842E-4
172.31582;2.3745E-4
172.63276;2.38058E-4
172.9497;2.38667E-4
173.26664;2.39275E-4
173.58358;2.39882E-4
173.90053;2.4049E-4
174.21747;2.41097E-4
174.53441;2.41704E-4
174.85135;2.4231E-4
175.16829;2.42917E-4
175.48524;2.43523E-4
175.80218;2.44129E-4
176.11912;2.44734E-4
176.43606;2.45339E-4
176.753;2.45943E-4
177.06994;2.46548E-4
177.38689;2.47151E-4
177.70383;2.47755E-4
178.02077;2.48358E-4
178.33771;2.4896E-4
178.65465;2.49562E-4
178.9716;2.50164E-4
179.28854;2.50765E-4
179.60548;2.51365E-4
179.92242;2.51965E-4
180.23936;2.52565E-4
180.55631;2.53164E-4
180.87325;2.53762E-4
181.19019;2.5436E-4
181.50713;2.54957E-4
181.82407;2.55553E-4
182.14102;2.56149E-4
182.45796;2.56745E-4
182.7749;2.57339E-4
183.09184;2.57933E-4
183.40878;2.58527E-4
183.72573;2.5912E-4
184.04267;2.59713E-4
184.35961;2.60306E-4
184.67655;2.60898E-4
184.99349;2.61489E-4
185.31044;2.62081E-4
185.62738;2.62672E-4
185.94432;2.63263E-4
186.26126;2.63854E-4
186.5782;2.64444E-4
186.89515;2.65035E-4
187.21209;2.65625E-4
187.52903;2.66216E-4
187.84597;2.66806E-4
188.16291;2.67397E-4
188.47985;2.67987E-4
188.7968;2.68578E-4
189.11374;2.69168E-4
189.43068;2.69759E-4
189.74762;2.7035E-4
190.06456;2.70942E-4
190.38151;2.71533E-4
190.69845;2.72125E-4
191.01539;2.72718E-4
191.33233;2.7331E-4
191.64927;2.73903E-4
191.96622;2.74497E-4
192.28316;2.75091E-4
192.6001;2.75685E-4
192.91704;2.7628E-4
193.23398;2.76875E-4
193.55093;2.77471E-4
193.86787;2.78067E-4
194.18481;2.78663E-4
194.50175;2.79259E-4
194.81869;2.79856E-4
195.13564;2.80452E-4
195.45258;2.81049E-4
195.76952;2.81646E-4
196.08646;2.82243E-4
196.4034;2.8284E-4
196.72035;2.83437E-4
197.03729;2.84034E-4
197.35423;2.84631E-4
197.67117;2.85228E-4
197.98811;2.85825E-4
198.30506;2.86422E-4
198.622;2.87019E-4
198.93894;2.87615E-4
199.25588;2.88211E-4
199.57282;2.88807E-4
199.88976;2.89403E-4
200.20671;2.89999E-4
200.52365;2.90594E-4
200.84059;2.91188E-4
201.15753;2.91783E-4
201.47447;2.92377E-4
201.79142;2.9297E-4
202.10836;2.93563E-4
202.4253;2.94156E-4
202.74224;2.94748E-4
203.05918;2.9534E-4
203.37613;2.95932E-4
203.69307;2.96524E-4
204.01001;2.97116E-4
204.32695;2.97708E-4
204.64389;2.98299E-4
204.96084;2.98891E-4
205.27778;2.99483E-4
205.59472;3.00075E-4
205.91166;3.00667E-4
206.2286;3.01259E-4
206.54555;3.01852E-4
206.86249;3.02446E-4
207.17943;3.03039E-4
207.49637;3.03633E-4
207.81331;3.04227E-4
208.13026;3.04821E-4
208.4472;3.05415E-4
208.76414;3.06009E-4
209.08108;3.06603E-4
209.39802;3.07197E-4
209.71496;3.07791E-4
210.03191;3.08384E-4
210.34885;3.08977E-4
210.66579;3.0957E-4
210.98273;3.10163E-4
211.29967;3.10755E-4
211.61662;3.11346E-4
211.93356;3.11937E-4
212.2505;3.12527E-4
212.56744;3.13118E-4
212.88438;3.13707E-4
213.20133;3.14297E-4
213.51827;3.14887E-4
213.83521;3.15476E-4
214.15215;3.16066E-4
214.46909;3.16655E-4
214.78604;3.17245E-4
215.10298;3.17835E-4
215.41992;3.18425E-4
215.73686;3.19016E-4
216.0538;3.19607E-4
216.37075;3.20198E-4
216.68769;3.20791E-4
217.00463;3.21383E-4
217.32157;3.21976E-4
217.63851;3.2257E-4
217.95546;3.23164E-4
218.2724;3.23758E-4
218.58934;3.24352E-4
218.90628;3.24946E-4
219.22322;3.2554E-4
219.54017;3.26134E-4
219.85711;3.26729E-4
220.17405;3.27322E-4
220.49099;3.27916E-4
220.80793;3.2851E-4
221.12487;3.29103E-4
221.44182;3.29696E-4
221.75876;3.30288E-4
222.0757;3.3088E-4
222.39264;3.31472E-4
222.70958;3.32063E-4
223.02653;3.32654E-4
223.34347;3.33245E-4
223.66041;3.33836E-4
223.97735;3.34426E-4
224.29429;3.35015E-4
224.61124;3.35605E-4
224.92818;3.36194E-4
225.24512;3.36783E-4
225.56206;3.37372E-4
225.879;3.3796E-4
226.19595;3.38548E-4
226.51289;3.39136E-4
226.82983;3.39723E-4
227.14677;3.40311E-4
227.46371;3.40898E-4
227.78066;3.41484E-4
228.0976;3.42071E-4
228.41454;3.42657E-4
228.73148;3.43243E-4
229.04842;3.43829E-4
229.36537;3.44415E-4
229.68231;3.45E-4
229.99925;3.45586E-4
230.31619;3.46171E-4
230.63313;3.46755E-4
230.95008;3.4734E-4
231.26702;3.47924E-4
231.58396;3.48509E-4
231.9009;3.49093E-4
232.21784;3.49677E-4
232.53478;3.50261E-4
232.85173;3.50844E-4
233.16867;3.51428E-4
233.48561;3.52011E-4
233.80255;3.52594E-4
234.11949;3.53177E-4
234.43644;3.5376E-4
234.75338;3.54343E-4
235.07032;3.54926E-4
235.38726;3.55508E-4
235.7042;3.56091E-4
236.02115;3.56673E-4
236.33809;3.57255E-4
236.65503;3.57837E-4
236.97197;3.5842E-4
237.28891;3.59002E-4
237.60586;3.59583E-4
237.9228;3.60165E-4
238.23974;3.60747E-4
238.55668;3.61329E-4
238.87362;3.61911E-4
239.19057;3.62492E-4
239.50751;3.63074E-4
239.82445;3.63656E-4
240.14139;3.64237E-4
240.45833;3.64819E-4
240.77528;3.654E-4
241.09222;3.65982E-4
241.40916;3.66563E-4
241.7261;3.67145E-4
242.04304;3.67726E-4
242.35998;3.68308E-4
242.67693;3.68889E-4
242.99387;3.69471E-4
243.31081;3.70052E-4
243.62775;3.70634E-4
243.94469;3.71215E-4
244.26164;3.71796E-4
244.57858;3.72378E-4
244.89552;3.72959E-4
245.21246;3.7354E-4
245.5294;3.74122E-4
245.84635;3.74703E-4
246.16329;3.75284E-4
246.48023;3.75865E-4
246.79717;3.76447E-4
247.11411;3.77028E-4
247.43106;3.77609E-4
247.748;3.7819E-4
248.06494;3.78771E-4
248.38188;3.79352E-4
248.69882;3.79933E-4
249.01577;3.80514E-4
249.33271;3.81095E-4
249.64965;3.81676E-4
249.96659;3.82257E-4
250.28353;3.82838E-4
250.60048;3.83419E-4
250.91742;3.84E-4
251.23436;3.84581E-4
251.5513;3.85162E-4
251.86824;3.85743E-4
252.18519;3.86323E-4
252.50213;3.86904E-4
252.81907;3.87485E-4
253.13601;3.88066E-4
253.45295;3.88646E-4
253.76989;3.89227E-4
254.08684;3.89807E-4
254.40378;3.90388E-4
254.72072;3.90969E-4
255.03766;3.91549E-4
255.3546;3.9213E-4
255.67155;3.9271E-4
255.98849;3.93291E-4
256.30543;3.93871E-4
256.62237;3.94451E-4
256.93931;3.95032E-4
257.25626;3.95612E-4
257.5732;3.96192E-4
257.89014;3.96772E-4
258.20708;3.97353E-4
258.52402;3.97933E-4
258.84097;3.98513E-4
259.15791;3.99093E-4
259.47485;3.99673E-4
259.79179;4.00253E-4
260.10873;4.00833E-4
260.42568;4.01413E-4
260.74262;4.01993E-4
261.05956;4.02573E-4
261.3765;4.03153E-4
261.69344;4.03733E-4
262.01039;4.04313E-4
262.32733;4.04893E-4
262.64427;4.05472E-4
262.96121;4.06052E-4
263.27815;4.06632E-4
263.5951;4.07212E-4
263.91204;4.07792E-4
264.22898;4.08372E-4
264.54592;4.08951E-4
264.86286;4.09531E-4
265.1798;4.10111E-4
265.49675;4.10691E-4
265.81369;4.11271E-4
266.13063;4.11851E-4
266.44757;4.1243E-4
266.76451;4.1301E-4
267.08146;4.1359E-4
267.3984;4.1417E-4
267.71534;4.1475E-4
268.03228;4.1533E-4
268.34922;4.1591E-4
268.66617;4.1649E-4
268.98311;4.1707E-4
269.30005;4.1765E-4
269.61699;4.18231E-4
269.93393;4.18811E-4
270.25088;4.19391E-4
270.56782;4.19971E-4
270.88476;4.20552E-4
271.2017;4.21132E-4
271.51864;4.21712E-4
271.83559;4.22293E-4
272.15253;4.22873E-4
272.46947;4.23454E-4
272.78641;4.24034E-4
273.10335;4.24614E-4
273.4203;4.25195E-4
273.73724;4.25775E-4
274.05418;4.26356E-4
274.37112;4.26936E-4
274.68806;4.27517E-4
275.00501;4.28097E-4
275.32195;4.28677E-4
275.63889;4.29258E-4
275.95583;4.29838E-4
276.27277;4.30419E-4
276.58971;4.30999E-4
276.90666;4.31579E-4
277.2236;4.32159E-4
277.54054;4.3274E-4
277.85748;4.3332E-4
278.17442;4.339E-4
278.49137;4.3448E-4
278.80831;4.3506E-4
279.12525;4.3564E-4
279.44219;4.3622E-4
279.75913;4.368E-4
280.07608;4.3738E-4
280.39302;4.37959E-4
280.70996;4.38539E-4
281.0269;4.39118E-4
281.34384;4.39697E-4
281.66079;4.40276E-4
281.97773;4.40854E-4
282.29467;4.41433E-4
282.61161;4.4201E-4
282.92855;4.42588E-4
283.2455;4.43165E-4
283.56244;4.43742E-4
283.87938;4.44318E-4
284.19632;4.44894E-4
284.51326;4.4547E-4
284.83021;4.46044E-4
285.14715;4.46619E-4
285.46409;4.47193E-4
285.78103;4.47766E-4
286.09797;4.48339E-4
286.41491;4.48912E-4
286.73186;4.49485E-4
287.0488;4.50057E-4
287.36574;4.5063E-4
287.68268;4.51204E-4
287.99962;4.51777E-4
288.31657;4.52352E-4
288.63351;4.52927E-4
288.95045;4.53502E-4
289.26739;4.54079E-4
289.58433;4.54656E-4
289.90128;4.55235E-4
290.21822;4.55813E-4
290.53516;4.56392E-4
290.8521;4.56972E-4
291.16904;4.57551E-4
291.48599;4.58131E-4
291.80293;4.58711E-4
292.11987;4.5929E-4
292.43681;4.59869E-4
292.75375;4.60448E-4
293.0707;4.61026E-4
293.38764;4.61604E-4
293.70458;4.62181E-4
294.02152;4.62758E-4
294.33846;4.63335E-4
294.65541;4.63911E-4
294.97235;4.64487E-4
295.28929;4.65063E-4
295.60623;4.65639E-4
295.92317;4.66214E-4
296.24012;4.66789E-4
296.55706;4.67365E-4
296.874;4.6794E-4
297.19094;4.68515E-4
297.50788;4.69089E-4
297.82482;4.69664E-4
298.14177;4.70239E-4
298.45871;4.70813E-4
298.77565;4.71387E-4
299.09259;4.71962E-4
299.40953;4.72536E-4
299.72648;4.73109E-4
300.04342;4.73683E-4
300.36036;4.74257E-4
300.6773;4.74831E-4
300.99424;4.75404E-4
301.31119;4.75977E-4
301.62813;4.76551E-4
301.94507;4.77124E-4
302.26201;4.77697E-4
302.57895;4.7827E-4
302.8959;4.78842E-4
303.21284;4.79415E-4
303.52978;4.79988E-4
303.84672;4.8056E-4
304.16366;4.81133E-4
304.48061;4.81705E-4
304.79755;4.82277E-4
305.11449;4.82849E-4
305.43143;4.83421E-4
305.74837;4.83993E-4
306.06532;4.84565E-4
306.38226;4.85136E-4
306.6992;4.85708E-4
307.01614;4.86279E-4
307.33308;4.86851E-4
307.65003;4.87422E-4
307.96697;4.87993E-4
308.28391;4.88565E-4
308.60085;4.89136E-4
308.91779;4.89707E-4
309.23473;4.90278E-4
309.55168;4.90849E-4
309.86862;4.91419E-4
310.18556;4.9199E-4
310.5025;4.92561E-4
310.81944;4.93131E-4
311.13639;4.93702E-4
311.45333;4.94272E-4
311.77027;4.94842E-4
312.08721;4.95413E-4
312.40415;4.95983E-4
312.7211;4.96553E-4
313.03804;4.97123E-4
313.35498;4.97693E-4
313.67192;4.98263E-4
313.98886;4.98833E-4
314.30581;4.99403E-4
314.62275;4.99972E-4
314.93969;5.00542E-4
315.25663;5.01112E-4
315.57357;5.01681E-4
315.89052;5.02251E-4
316.20746;5.02821E-4
316.5244;5.0339E-4
316.84134;5.03959E-4
317.15828;5.04529E-4
317.47523;5.05098E-4
317.79217;5.05667E-4
318.10911;5.06237E-4
318.42605;5.06806E-4
318.74299;5.07375E-4
319.05993;5.07944E-4
319.37688;5.08513E-4
319.69382;5.09082E-4
320.01076;5.09651E-4
320.3277;5.1022E-4
320.64464;5.10789E-4
320.96159;5.11358E-4
321.27853;5.11927E-4
321.59547;5.12496E-4
321.91241;5.13065E-4
322.22935;5.13634E-4
322.5463;5.14203E-4
322.86324;5.14771E-4
323.18018;5.1534E-4
323.49712;5.15909E-4
323.81406;5.16478E-4
324.13101;5.17046E-4
324.44795;5.17615E-4
324.76489;5.18184E-4
325.08183;5.18752E-4
325.39877;5.19321E-4
325.71572;5.1989E-4
326.03266;5.20458E-4
326.3496;5.21027E-4
326.66654;5.21596E-4
326.98348;5.22164E-4
327.30043;5.22733E-4
327.61737;5.23302E-4
327.93431;5.2387E-4
328.25125;5.24439E-4
328.56819;5.25008E-4
328.88514;5.25576E-4
329.20208;5.26145E-4
329.51902;5.26714E-4
329.83596;5.27282E-4
330.1529;5.27851E-4
330.46984;5.2842E-4
330.78679;5.28988E-4
331.10373;5.29557E-4
331.42067;5.30126E-4
331.73761;5.30695E-4
332.05455;5.31264E-4
332.3715;5.31832E-4
332.68844;5.32401E-4
333.00538;5.3297E-4
333.32232;5.33539E-4
333.63926;5.34108E-4
333.95621;5.34677E-4
334.27315;5.35246E-4
334.59009;5.35815E-4
334.90703;5.36384E-4
335.22397;5.36953E-4
335.54092;5.37522E-4
335.85786;5.38091E-4
336.1748;5.3866E-4
336.49174;5.3923E-4
336.80868;5.39799E-4
337.12563;5.40368E-4
337.44257;5.40938E-4
337.75951;5.41507E-4
338.07645;5.42076E-4
338.39339;5.42646E-4
338.71034;5.43215E-4
339.02728;5.43785E-4
339.34422;5.44355E-4
339.66116;5.44924E-4
339.9781;5.45494E-4
340.29505;5.46064E-4
340.61199;5.46634E-4
340.92893;5.47204E-4
341.24587;5.47774E-4
341.56281;5.48344E-4
341.87975;5.48914E-4
342.1967;5.49484E-4
342.51364;5.50054E-4
342.83058;5.50624E-4
343.14752;5.51195E-4
343.46446;5.51765E-4
343.78141;5.52336E-4
344.09835;5.52906E-4
344.41529;5.53477E-4
344.73223;5.54048E-4
345.04917;5.54619E-4
345.36612;5.55189E-4
345.68306;5.5576E-4
346;5.56331E-4