5	5.75682E-11
10	5.84913E-11
10.45455	5.86818E-11
10.90909	5.88124E-11
11.36364	5.90065E-11
11.81818	5.91103E-11
12.27273	5.9166E-11
12.72727	5.93029E-11
13.18182	5.94969E-11
13.63636	5.95746E-11
14.09091	5.9698E-11
14.54545	5.99697E-11
15	6.01603E-11
15.45455	6.05731E-11
15.90909	6.08942E-11
16.36364	6.161E-11
16.81818	6.21612E-11
17.27273	6.27056E-11
17.72727	6.31683E-11
18.18182	6.39033E-11
18.63636	6.48764E-11
19.09091	6.57814E-11
19.54545	6.67886E-11
20	6.77957E-11
20.45455	6.90138E-11
20.90909	7.04768E-11
21.36364	7.19399E-11
21.81818	7.31784E-11
22.27273	7.46361E-11
22.72727	7.65415E-11
23.18182	7.82157E-11
23.63636	8.04079E-11
24.09091	8.21745E-11
24.54545	8.42372E-11
25	8.65697E-11
25.45455	8.87325E-11
25.90909	9.14982E-11
26.36364	9.40306E-11
26.81818	9.67217E-11
27.27273	9.94912E-11
27.72727	1.02891E-10
28.18182	1.06101E-10
28.63636	1.09586E-10
29.09091	1.13173E-10
29.54545	1.17186E-10
30	1.21282E-10
30.45455	1.2571E-10
30.90909	1.29906E-10
31.36364	1.34732E-10
31.81818	1.39856E-10
32.27273	1.44699E-10
32.72727	1.5006E-10
33.18182	1.55229E-10
33.63636	1.61221E-10
34.09091	1.67015E-10
34.54545	1.73639E-10
35	1.79837E-10
35.45455	1.86642E-10
35.90909	1.93805E-10
36.36364	2.00657E-10
36.81818	2.07745E-10
37.27273	2.1562E-10
37.72727	2.23721E-10
38.18182	2.31918E-10
38.63636	2.40758E-10
39.09091	2.49523E-10
39.54545	2.58787E-10
40	2.68233E-10
40.45455	2.77334E-10
40.90909	2.87682E-10
41.36364	2.98097E-10
41.81818	3.09073E-10
42.27273	3.20349E-10
42.72727	3.31252E-10
43.18182	3.42407E-10
43.63636	3.54649E-10
44.09091	3.66856E-10
44.54545	3.7881E-10
45	3.91878E-10
45.45455	4.03525E-10
45.90909	4.16821E-10
46.36364	4.31637E-10
46.81818	4.45596E-10
47.27273	4.59765E-10
47.72727	4.72948E-10
48.18182	4.8756E-10
48.63636	5.02908E-10
49.09091	5.18028E-10
49.54545	5.33468E-10
50	5.49454E-10
50.45455	5.65293E-10
50.90909	5.82253E-10
51.36364	5.99205E-10
51.81818	6.16299E-10
52.19482	6.31536E-10
52.51176	6.44493E-10
52.8287	6.57476E-10
53.14565	6.70503E-10
53.46259	6.83594E-10
53.77953	6.96768E-10
54.09647	7.10046E-10
54.41341	7.23448E-10
54.73036	7.36993E-10
55.0473	7.50704E-10
55.36424	7.64621E-10
55.68118	7.78803E-10
55.99812	7.93306E-10
56.31507	8.08177E-10
56.63201	8.23358E-10
56.94895	8.38738E-10
57.26589	8.54204E-10
57.58283	8.69658E-10
57.89977	8.85082E-10
58.21672	9.00483E-10
58.53366	9.15866E-10
58.8506	9.31255E-10
59.16754	9.46721E-10
59.48448	9.62343E-10
59.80143	9.782E-10
60.11837	9.9432E-10
60.43531	1.01065E-9
60.75225	1.02711E-9
61.06919	1.04366E-9
61.38614	1.06024E-9
61.70308	1.07683E-9
62.02002	1.09342E-9
62.33696	1.10998E-9
62.6539	1.12657E-9
62.97085	1.14326E-9
63.28779	1.16015E-9
63.60473	1.17733E-9
63.92167	1.19476E-9
64.23861	1.21237E-9
64.55556	1.23008E-9
64.8725	1.24783E-9
65.18944	1.26561E-9
65.50638	1.28344E-9
65.82332	1.30132E-9
66.14027	1.31928E-9
66.45721	1.33733E-9
66.77415	1.35551E-9
67.09109	1.37385E-9
67.40803	1.39236E-9
67.72497	1.41101E-9
68.04192	1.4298E-9
68.35886	1.4487E-9
68.6758	1.46772E-9
68.99274	1.48685E-9
69.30968	1.5061E-9
69.62663	1.52549E-9
69.94357	1.54499E-9
70.26051	1.5646E-9
70.57745	1.58427E-9
70.89439	1.60399E-9
71.21134	1.62375E-9
71.52828	1.64355E-9
71.84522	1.66339E-9
72.16216	1.6833E-9
72.4791	1.70326E-9
72.79605	1.72328E-9
73.11299	1.74338E-9
73.42993	1.76354E-9
73.74687	1.78378E-9
74.06381	1.80408E-9
74.38076	1.82445E-9
74.6977	1.84488E-9
75.01464	1.86536E-9
75.33158	1.88589E-9
75.64852	1.90647E-9
75.96547	1.9271E-9
76.28241	1.94776E-9
76.59935	1.96847E-9
76.91629	1.98921E-9
77.23323	2.00998E-9
77.55018	2.03077E-9
77.86712	2.05159E-9
78.18406	2.07242E-9
78.501	2.09328E-9
78.81794	2.11416E-9
79.13488	2.13505E-9
79.45183	2.15597E-9
79.76877	2.1769E-9
80.08571	2.19786E-9
80.40265	2.21884E-9
80.71959	2.23985E-9
81.03654	2.26088E-9
81.35348	2.28193E-9
81.67042	2.30301E-9
81.98736	2.32411E-9
82.3043	2.34524E-9
82.62125	2.3664E-9
82.93819	2.38758E-9
83.25513	2.40879E-9
83.57207	2.43003E-9
83.88901	2.45131E-9
84.20596	2.47261E-9
84.5229	2.49394E-9
84.83984	2.5153E-9
85.15678	2.53669E-9
85.47372	2.55812E-9
85.79067	2.57958E-9
86.10761	2.60107E-9
86.42455	2.6226E-9
86.74149	2.64416E-9
87.05843	2.66575E-9
87.37538	2.68738E-9
87.69232	2.70904E-9
88.00926	2.73073E-9
88.3262	2.75244E-9
88.64314	2.77419E-9
88.96009	2.79597E-9
89.27703	2.81778E-9
89.59397	2.83961E-9
89.91091	2.86148E-9
90.22785	2.88337E-9
90.54479	2.90528E-9
90.86174	2.92722E-9
91.17868	2.94919E-9
91.49562	2.97118E-9
91.81256	2.9932E-9
92.1295	3.01524E-9
92.44645	3.0373E-9
92.76339	3.05939E-9
93.08033	3.0815E-9
93.39727	3.10363E-9
93.71421	3.12578E-9
94.03116	3.14795E-9
94.3481	3.17014E-9
94.66504	3.19235E-9
94.98198	3.21458E-9
95.29892	3.23682E-9
95.61587	3.25908E-9
95.93281	3.28137E-9
96.24975	3.30366E-9
96.56669	3.32597E-9
96.88363	3.3483E-9
97.20058	3.37064E-9
97.51752	3.393E-9
97.83446	3.41537E-9
98.1514	3.43775E-9
98.46834	3.46015E-9
98.78529	3.48256E-9
99.10223	3.50497E-9
99.41917	3.5274E-9
99.73611	3.54984E-9
100.05305	3.57229E-9
100.36999	3.59475E-9
100.68694	3.61721E-9
101.00388	3.63969E-9
101.32082	3.66217E-9
101.63776	3.68466E-9
101.9547	3.70715E-9
102.27165	3.72965E-9
102.58859	3.75216E-9
102.90553	3.77466E-9
103.22247	3.79718E-9
103.53941	3.81969E-9
103.85636	3.84221E-9
104.1733	3.86473E-9
104.49024	3.88726E-9
104.80718	3.90978E-9
105.12412	3.9323E-9
105.44107	3.95483E-9
105.75801	3.97735E-9
106.07495	3.99988E-9
106.39189	4.02241E-9
106.70883	4.04493E-9
107.02578	4.06746E-9
107.34272	4.08999E-9
107.65966	4.11253E-9
107.9766	4.13507E-9
108.29354	4.15761E-9
108.61049	4.18015E-9
108.92743	4.2027E-9
109.24437	4.22526E-9
109.56131	4.24782E-9
109.87825	4.27038E-9
110.1952	4.29295E-9
110.51214	4.31553E-9
110.82908	4.33812E-9
111.14602	4.36071E-9
111.46296	4.38331E-9
111.7799	4.40592E-9
112.09685	4.42853E-9
112.41379	4.45116E-9
112.73073	4.47379E-9
113.04767	4.49644E-9
113.36461	4.51909E-9
113.68156	4.54176E-9
113.9985	4.56443E-9
114.31544	4.58712E-9
114.63238	4.60982E-9
114.94932	4.63253E-9
115.26627	4.65526E-9
115.58321	4.67799E-9
115.90015	4.70074E-9
116.21709	4.7235E-9
116.53403	4.74626E-9
116.85098	4.76904E-9
117.16792	4.79182E-9
117.48486	4.81461E-9
117.8018	4.8374E-9
118.11874	4.8602E-9
118.43569	4.88301E-9
118.75263	4.90582E-9
119.06957	4.92863E-9
119.38651	4.95144E-9
119.70345	4.97426E-9
120.0204	4.99708E-9
120.33734	5.01989E-9
120.65428	5.04271E-9
120.97122	5.06553E-9
121.28816	5.08834E-9
121.60511	5.11115E-9
121.92205	5.13396E-9
122.23899	5.15676E-9
122.55593	5.17956E-9
122.87287	5.20235E-9
123.18981	5.22514E-9
123.50676	5.24792E-9
123.8237	5.27069E-9
124.14064	5.29345E-9
124.45758	5.3162E-9
124.77452	5.33894E-9
125.09147	5.36168E-9
125.40841	5.3844E-9
125.72535	5.40711E-9
126.04229	5.42981E-9
126.35923	5.45251E-9
126.67618	5.4752E-9
126.99312	5.49787E-9
127.31006	5.52054E-9
127.627	5.54321E-9
127.94394	5.56586E-9
128.26089	5.58851E-9
128.57783	5.61115E-9
128.89477	5.63379E-9
129.21171	5.65642E-9
129.52865	5.67904E-9
129.8456	5.70166E-9
130.16254	5.72428E-9
130.47948	5.74689E-9
130.79642	5.76949E-9
131.11336	5.79209E-9
131.43031	5.81469E-9
131.74725	5.83728E-9
132.06419	5.85987E-9
132.38113	5.88246E-9
132.69807	5.90505E-9
133.01502	5.92763E-9
133.33196	5.95021E-9
133.6489	5.97279E-9
133.96584	5.99537E-9
134.28278	6.01795E-9
134.59972	6.04053E-9
134.91667	6.0631E-9
135.23361	6.08568E-9
135.55055	6.10826E-9
135.86749	6.13083E-9
136.18443	6.1534E-9
136.50138	6.17598E-9
136.81832	6.19855E-9
137.13526	6.22113E-9
137.4522	6.2437E-9
137.76914	6.26627E-9
138.08609	6.28884E-9
138.40303	6.31142E-9
138.71997	6.33399E-9
139.03691	6.35656E-9
139.35385	6.37913E-9
139.6708	6.40171E-9
139.98774	6.42428E-9
140.30468	6.44685E-9
140.62162	6.46942E-9
140.93856	6.49199E-9
141.25551	6.51457E-9
141.57245	6.53714E-9
141.88939	6.55971E-9
142.20633	6.58229E-9
142.52327	6.60486E-9
142.84022	6.62743E-9
143.15716	6.65001E-9
143.4741	6.67258E-9
143.79104	6.69516E-9
144.10798	6.71773E-9
144.42492	6.74031E-9
144.74187	6.76288E-9
145.05881	6.78544E-9
145.37575	6.808E-9
145.69269	6.83054E-9
146.00963	6.85308E-9
146.32658	6.8756E-9
146.64352	6.89811E-9
146.96046	6.92061E-9
147.2774	6.94308E-9
147.59434	6.96554E-9
147.91129	6.98798E-9
148.22823	7.01039E-9
148.54517	7.03278E-9
148.86211	7.05515E-9
149.17905	7.07748E-9
149.496	7.09979E-9
149.81294	7.12206E-9
150.12988	7.1443E-9
150.44682	7.16651E-9
150.76376	7.18868E-9
151.08071	7.21081E-9
151.39765	7.23291E-9
151.71459	7.25496E-9
152.03153	7.27697E-9
152.34847	7.29893E-9
152.66542	7.32085E-9
152.98236	7.34272E-9
153.2993	7.36453E-9
153.61624	7.3863E-9
153.93318	7.40802E-9
154.25013	7.42969E-9
154.56707	7.45132E-9
154.88401	7.47293E-9
155.20095	7.4945E-9
155.51789	7.51604E-9
155.83483	7.53757E-9
156.15178	7.55909E-9
156.46872	7.58059E-9
156.78566	7.60209E-9
157.1026	7.6236E-9
157.41954	7.64511E-9
157.73649	7.66663E-9
158.05343	7.68816E-9
158.37037	7.70972E-9
158.68731	7.73131E-9
159.00425	7.75292E-9
159.3212	7.77456E-9
159.63814	7.79622E-9
159.95508	7.81791E-9
160.27202	7.83963E-9
160.58896	7.86138E-9
160.90591	7.88315E-9
161.22285	7.90495E-9
161.53979	7.92677E-9
161.85673	7.94862E-9
162.17367	7.9705E-9
162.49062	7.9924E-9
162.80756	8.01432E-9
163.1245	8.03628E-9
163.44144	8.05826E-9
163.75838	8.08026E-9
164.07533	8.10228E-9
164.39227	8.12433E-9
164.70921	8.1464E-9
165.02615	8.16849E-9
165.34309	8.19059E-9
165.66004	8.21272E-9
165.97698	8.23486E-9
166.29392	8.25702E-9
166.61086	8.27919E-9
166.9278	8.30137E-9
167.24474	8.32357E-9
167.56169	8.34577E-9
167.87863	8.36799E-9
168.19557	8.39022E-9
168.51251	8.41245E-9
168.82945	8.43469E-9
169.1464	8.45694E-9
169.46334	8.47919E-9
169.78028	8.50144E-9
170.09722	8.5237E-9
170.41416	8.54596E-9
170.73111	8.56822E-9
171.04805	8.59047E-9
171.36499	8.61273E-9
171.68193	8.63498E-9
171.99887	8.65723E-9
172.31582	8.67947E-9
172.63276	8.70171E-9
172.9497	8.72394E-9
173.26664	8.74616E-9
173.58358	8.76838E-9
173.90053	8.79058E-9
174.21747	8.81278E-9
174.53441	8.83496E-9
174.85135	8.85714E-9
175.16829	8.8793E-9
175.48524	8.90145E-9
175.80218	8.92359E-9
176.11912	8.94572E-9
176.43606	8.96783E-9
176.753	8.98993E-9
177.06994	9.01202E-9
177.38689	9.03409E-9
177.70383	9.05614E-9
178.02077	9.07818E-9
178.33771	9.10021E-9
178.65465	9.12221E-9
178.9716	9.1442E-9
179.28854	9.16617E-9
179.60548	9.18812E-9
179.92242	9.21005E-9
180.23936	9.23196E-9
180.55631	9.25385E-9
180.87325	9.27572E-9
181.19019	9.29757E-9
181.50713	9.3194E-9
181.82407	9.3412E-9
182.14102	9.36299E-9
182.45796	9.38475E-9
182.7749	9.40648E-9
183.09184	9.4282E-9
183.40878	9.4499E-9
183.72573	9.47159E-9
184.04267	9.49326E-9
184.35961	9.51491E-9
184.67655	9.53655E-9
184.99349	9.55818E-9
185.31044	9.5798E-9
185.62738	9.60141E-9
185.94432	9.62301E-9
186.26126	9.6446E-9
186.5782	9.66619E-9
186.89515	9.68778E-9
187.21209	9.70936E-9
187.52903	9.73094E-9
187.84597	9.75252E-9
188.16291	9.7741E-9
188.47985	9.79569E-9
188.7968	9.81728E-9
189.11374	9.83887E-9
189.43068	9.86047E-9
189.74762	9.88208E-9
190.06456	9.90369E-9
190.38151	9.92532E-9
190.69845	9.94696E-9
191.01539	9.96861E-9
191.33233	9.99027E-9
191.64927	1.0012E-8
191.96622	1.00336E-8
192.28316	1.00554E-8
192.6001	1.00771E-8
192.91704	1.00988E-8
193.23398	1.01206E-8
193.55093	1.01424E-8
193.86787	1.01641E-8
194.18481	1.01859E-8
194.50175	1.02077E-8
194.81869	1.02295E-8
195.13564	1.02513E-8
195.45258	1.02731E-8
195.76952	1.0295E-8
196.08646	1.03168E-8
196.4034	1.03386E-8
196.72035	1.03604E-8
197.03729	1.03823E-8
197.35423	1.04041E-8
197.67117	1.04259E-8
197.98811	1.04477E-8
198.30506	1.04695E-8
198.622	1.04914E-8
198.93894	1.05132E-8
199.25588	1.05349E-8
199.57282	1.05567E-8
199.88976	1.05785E-8
200.20671	1.06003E-8
200.52365	1.0622E-8
200.84059	1.06438E-8
201.15753	1.06655E-8
201.47447	1.06872E-8
201.79142	1.07089E-8
202.10836	1.07306E-8
202.4253	1.07522E-8
202.74224	1.07739E-8
203.05918	1.07955E-8
203.37613	1.08172E-8
203.69307	1.08388E-8
204.01001	1.08604E-8
204.32695	1.08821E-8
204.64389	1.09037E-8
204.96084	1.09253E-8
205.27778	1.09469E-8
205.59472	1.09686E-8
205.91166	1.09902E-8
206.2286	1.10119E-8
206.54555	1.10336E-8
206.86249	1.10552E-8
207.17943	1.10769E-8
207.49637	1.10986E-8
207.81331	1.11204E-8
208.13026	1.11421E-8
208.4472	1.11638E-8
208.76414	1.11855E-8
209.08108	1.12072E-8
209.39802	1.12289E-8
209.71496	1.12506E-8
210.03191	1.12723E-8
210.34885	1.1294E-8
210.66579	1.13157E-8
210.98273	1.13373E-8
211.29967	1.1359E-8
211.61662	1.13806E-8
211.93356	1.14022E-8
212.2505	1.14238E-8
212.56744	1.14453E-8
212.88438	1.14669E-8
213.20133	1.14885E-8
213.51827	1.151E-8
213.83521	1.15315E-8
214.15215	1.15531E-8
214.46909	1.15746E-8
214.78604	1.15962E-8
215.10298	1.16178E-8
215.41992	1.16393E-8
215.73686	1.16609E-8
216.0538	1.16825E-8
216.37075	1.17042E-8
216.68769	1.17258E-8
217.00463	1.17475E-8
217.32157	1.17692E-8
217.63851	1.17908E-8
217.95546	1.18125E-8
218.2724	1.18343E-8
218.58934	1.1856E-8
218.90628	1.18777E-8
219.22322	1.18994E-8
219.54017	1.19211E-8
219.85711	1.19429E-8
220.17405	1.19646E-8
220.49099	1.19863E-8
220.80793	1.2008E-8
221.12487	1.20296E-8
221.44182	1.20513E-8
221.75876	1.2073E-8
222.0757	1.20946E-8
222.39264	1.21162E-8
222.70958	1.21379E-8
223.02653	1.21595E-8
223.34347	1.21811E-8
223.66041	1.22026E-8
223.97735	1.22242E-8
224.29429	1.22458E-8
224.61124	1.22673E-8
224.92818	1.22889E-8
225.24512	1.23104E-8
225.56206	1.23319E-8
225.879	1.23534E-8
226.19595	1.23749E-8
226.51289	1.23964E-8
226.82983	1.24179E-8
227.14677	1.24393E-8
227.46371	1.24608E-8
227.78066	1.24822E-8
228.0976	1.25037E-8
228.41454	1.25251E-8
228.73148	1.25465E-8
229.04842	1.25679E-8
229.36537	1.25893E-8
229.68231	1.26107E-8
229.99925	1.26321E-8
230.31619	1.26535E-8
230.63313	1.26749E-8
230.95008	1.26963E-8
231.26702	1.27176E-8
231.58396	1.2739E-8
231.9009	1.27603E-8
232.21784	1.27817E-8
232.53478	1.2803E-8
232.85173	1.28244E-8
233.16867	1.28457E-8
233.48561	1.2867E-8
233.80255	1.28883E-8
234.11949	1.29096E-8
234.43644	1.29309E-8
234.75338	1.29522E-8
235.07032	1.29735E-8
235.38726	1.29948E-8
235.7042	1.30161E-8
236.02115	1.30374E-8
236.33809	1.30587E-8
236.65503	1.308E-8
236.97197	1.31013E-8
237.28891	1.31225E-8
237.60586	1.31438E-8
237.9228	1.31651E-8
238.23974	1.31863E-8
238.55668	1.32076E-8
238.87362	1.32289E-8
239.19057	1.32501E-8
239.50751	1.32714E-8
239.82445	1.32927E-8
240.14139	1.33139E-8
240.45833	1.33352E-8
240.77528	1.33564E-8
241.09222	1.33777E-8
241.40916	1.33989E-8
241.7261	1.34202E-8
242.04304	1.34414E-8
242.35998	1.34627E-8
242.67693	1.3484E-8
242.99387	1.35052E-8
243.31081	1.35265E-8
243.62775	1.35477E-8
243.94469	1.3569E-8
244.26164	1.35902E-8
244.57858	1.36115E-8
244.89552	1.36327E-8
245.21246	1.3654E-8
245.5294	1.36752E-8
245.84635	1.36965E-8
246.16329	1.37177E-8
246.48023	1.37389E-8
246.79717	1.37602E-8
247.11411	1.37814E-8
247.43106	1.38027E-8
247.748	1.38239E-8
248.06494	1.38452E-8
248.38188	1.38664E-8
248.69882	1.38876E-8
249.01577	1.39089E-8
249.33271	1.39301E-8
249.64965	1.39514E-8
249.96659	1.39726E-8
250.28353	1.39938E-8
250.60048	1.40151E-8
250.91742	1.40363E-8
251.23436	1.40575E-8
251.5513	1.40788E-8
251.86824	1.41E-8
252.18519	1.41212E-8
252.50213	1.41424E-8
252.81907	1.41637E-8
253.13601	1.41849E-8
253.45295	1.42061E-8
253.76989	1.42273E-8
254.08684	1.42486E-8
254.40378	1.42698E-8
254.72072	1.4291E-8
255.03766	1.43122E-8
255.3546	1.43335E-8
255.67155	1.43547E-8
255.98849	1.43759E-8
256.30543	1.43971E-8
256.62237	1.44183E-8
256.93931	1.44395E-8
257.25626	1.44607E-8
257.5732	1.4482E-8
257.89014	1.45032E-8
258.20708	1.45244E-8
258.52402	1.45456E-8
258.84097	1.45668E-8
259.15791	1.4588E-8
259.47485	1.46092E-8
259.79179	1.46304E-8
260.10873	1.46516E-8
260.42568	1.46728E-8
260.74262	1.4694E-8
261.05956	1.47152E-8
261.3765	1.47364E-8
261.69344	1.47576E-8
262.01039	1.47788E-8
262.32733	1.48E-8
262.64427	1.48212E-8
262.96121	1.48424E-8
263.27815	1.48636E-8
263.5951	1.48848E-8
263.91204	1.49059E-8
264.22898	1.49271E-8
264.54592	1.49483E-8
264.86286	1.49695E-8
265.1798	1.49907E-8
265.49675	1.50119E-8
265.81369	1.50331E-8
266.13063	1.50543E-8
266.44757	1.50755E-8
266.76451	1.50967E-8
267.08146	1.51179E-8
267.3984	1.51391E-8
267.71534	1.51603E-8
268.03228	1.51815E-8
268.34922	1.52027E-8
268.66617	1.52239E-8
268.98311	1.52451E-8
269.30005	1.52663E-8
269.61699	1.52875E-8
269.93393	1.53087E-8
270.25088	1.53299E-8
270.56782	1.53512E-8
270.88476	1.53724E-8
271.2017	1.53936E-8
271.51864	1.54148E-8
271.83559	1.5436E-8
272.15253	1.54572E-8
272.46947	1.54784E-8
272.78641	1.54996E-8
273.10335	1.55209E-8
273.4203	1.55421E-8
273.73724	1.55633E-8
274.05418	1.55845E-8
274.37112	1.56057E-8
274.68806	1.56269E-8
275.00501	1.56482E-8
275.32195	1.56694E-8
275.63889	1.56906E-8
275.95583	1.57118E-8
276.27277	1.5733E-8
276.58971	1.57542E-8
276.90666	1.57754E-8
277.2236	1.57967E-8
277.54054	1.58179E-8
277.85748	1.58391E-8
278.17442	1.58603E-8
278.49137	1.58815E-8
278.80831	1.59027E-8
279.12525	1.59239E-8
279.44219	1.59451E-8
279.75913	1.59663E-8
280.07608	1.59875E-8
280.39302	1.60087E-8
280.70996	1.60298E-8
281.0269	1.6051E-8
281.34384	1.60722E-8
281.66079	1.60933E-8
281.97773	1.61145E-8
282.29467	1.61356E-8
282.61161	1.61567E-8
282.92855	1.61778E-8
283.2455	1.61989E-8
283.56244	1.622E-8
283.87938	1.62411E-8
284.19632	1.62621E-8
284.51326	1.62832E-8
284.83021	1.63042E-8
285.14715	1.63252E-8
285.46409	1.63462E-8
285.78103	1.63671E-8
286.09797	1.63881E-8
286.41491	1.6409E-8
286.73186	1.64299E-8
287.0488	1.64509E-8
287.36574	1.64718E-8
287.68268	1.64928E-8
287.99962	1.65137E-8
288.31657	1.65347E-8
288.63351	1.65558E-8
288.95045	1.65768E-8
289.26739	1.65979E-8
289.58433	1.6619E-8
289.90128	1.66401E-8
290.21822	1.66613E-8
290.53516	1.66824E-8
290.8521	1.67036E-8
291.16904	1.67248E-8
291.48599	1.6746E-8
291.80293	1.67672E-8
292.11987	1.67884E-8
292.43681	1.68095E-8
292.75375	1.68307E-8
293.0707	1.68518E-8
293.38764	1.68729E-8
293.70458	1.6894E-8
294.02152	1.69151E-8
294.33846	1.69362E-8
294.65541	1.69573E-8
294.97235	1.69783E-8
295.28929	1.69994E-8
295.60623	1.70204E-8
295.92317	1.70414E-8
296.24012	1.70625E-8
296.55706	1.70835E-8
296.874	1.71045E-8
297.19094	1.71255E-8
297.50788	1.71466E-8
297.82482	1.71676E-8
298.14177	1.71886E-8
298.45871	1.72096E-8
298.77565	1.72305E-8
299.09259	1.72515E-8
299.40953	1.72725E-8
299.72648	1.72935E-8
300.04342	1.73145E-8
300.36036	1.73354E-8
300.6773	1.73564E-8
300.99424	1.73774E-8
301.31119	1.73983E-8
301.62813	1.74193E-8
301.94507	1.74402E-8
302.26201	1.74612E-8
302.57895	1.74821E-8
302.8959	1.75031E-8
303.21284	1.7524E-8
303.52978	1.75449E-8
303.84672	1.75658E-8
304.16366	1.75868E-8
304.48061	1.76077E-8
304.79755	1.76286E-8
305.11449	1.76495E-8
305.43143	1.76704E-8
305.74837	1.76913E-8
306.06532	1.77122E-8
306.38226	1.77331E-8
306.6992	1.7754E-8
307.01614	1.77749E-8
307.33308	1.77958E-8
307.65003	1.78167E-8
307.96697	1.78376E-8
308.28391	1.78584E-8
308.60085	1.78793E-8
308.91779	1.79002E-8
309.23473	1.7921E-8
309.55168	1.79419E-8
309.86862	1.79628E-8
310.18556	1.79836E-8
310.5025	1.80045E-8
310.81944	1.80253E-8
311.13639	1.80462E-8
311.45333	1.8067E-8
311.77027	1.80879E-8
312.08721	1.81087E-8
312.40415	1.81296E-8
312.7211	1.81504E-8
313.03804	1.81713E-8
313.35498	1.81921E-8
313.67192	1.82129E-8
313.98886	1.82338E-8
314.30581	1.82546E-8
314.62275	1.82754E-8
314.93969	1.82962E-8
315.25663	1.83171E-8
315.57357	1.83379E-8
315.89052	1.83587E-8
316.20746	1.83795E-8
316.5244	1.84003E-8
316.84134	1.84212E-8
317.15828	1.8442E-8
317.47523	1.84628E-8
317.79217	1.84836E-8
318.10911	1.85044E-8
318.42605	1.85252E-8
318.74299	1.8546E-8
319.05993	1.85668E-8
319.37688	1.85876E-8
319.69382	1.86084E-8
320.01076	1.86292E-8
320.3277	1.865E-8
320.64464	1.86708E-8
320.96159	1.86916E-8
321.27853	1.87124E-8
321.59547	1.87332E-8
321.91241	1.8754E-8
322.22935	1.87748E-8
322.5463	1.87956E-8
322.86324	1.88164E-8
323.18018	1.88371E-8
323.49712	1.88579E-8
323.81406	1.88787E-8
324.13101	1.88995E-8
324.44795	1.89203E-8
324.76489	1.89411E-8
325.08183	1.89619E-8
325.39877	1.89827E-8
325.71572	1.90034E-8
326.03266	1.90242E-8
326.3496	1.9045E-8
326.66654	1.90658E-8
326.98348	1.90866E-8
327.30043	1.91074E-8
327.61737	1.91282E-8
327.93431	1.9149E-8
328.25125	1.91697E-8
328.56819	1.91905E-8
328.88514	1.92113E-8
329.20208	1.92321E-8
329.51902	1.92529E-8
329.83596	1.92737E-8
330.1529	1.92945E-8
330.46984	1.93152E-8
330.78679	1.9336E-8
331.10373	1.93568E-8
331.42067	1.93776E-8
331.73761	1.93984E-8
332.05455	1.94192E-8
332.3715	1.944E-8
332.68844	1.94608E-8
333.00538	1.94816E-8
333.32232	1.95024E-8
333.63926	1.95232E-8
333.95621	1.9544E-8
334.27315	1.95648E-8
334.59009	1.95856E-8
334.90703	1.96064E-8
335.22397	1.96272E-8
335.54092	1.9648E-8
335.85786	1.96688E-8
336.1748	1.96896E-8
336.49174	1.97104E-8
336.80868	1.97312E-8
337.12563	1.9752E-8
337.44257	1.97728E-8
337.75951	1.97936E-8
338.07645	1.98144E-8
338.39339	1.98353E-8
338.71034	1.98561E-8
339.02728	1.98769E-8
339.34422	1.98977E-8
339.66116	1.99185E-8
339.9781	1.99394E-8
340.29505	1.99602E-8
340.61199	1.9981E-8
340.92893	2.00019E-8
341.24587	2.00227E-8
341.56281	2.00435E-8
341.87975	2.00644E-8
342.1967	2.00852E-8
342.51364	2.0106E-8
342.83058	2.01269E-8
343.14752	2.01477E-8
343.46446	2.01686E-8
343.78141	2.01894E-8
344.09835	2.02103E-8
344.41529	2.02312E-8
344.73223	2.0252E-8
345.04917	2.02729E-8
345.36612	2.02938E-8
345.68306	2.03146E-8
346	2.03355E-8