0.003	40.5577
0.004	41.8877
0.005	46.7277
0.006	51.2777
0.007	56.7677
0.008	61.2377
0.009	66.0177
0.01	70.6177
0.011	75.0077
0.012	79.3677
0.013	83.5477
0.014	87.7377
0.015	91.4377
0.016	95.2277
0.017	98.7377
0.018	102.0677
0.019	105.3977
0.02	108.5877
0.021	111.6677
0.022	114.6077
0.023	117.2877
0.024	119.8377
0.025	122.3677
0.026	124.7777
0.027	127.0777
0.028	129.2777
0.029	131.3677
0.03	133.3077
0.031	135.0877
0.032	136.7977
0.033	138.4577
0.034	140.1077
0.035	141.6677
0.036	143.1277
0.037	144.6377
0.038	145.9277
0.039	146.9977
0.04	148.1377
0.041	149.2477
0.042	150.3177
0.043	151.3777
0.044	152.4177
0.045	153.4077
0.046	154.2477
0.047	155.0177
0.048	155.6977
0.049	156.4277
0.05	157.1977
0.051	157.8777
0.052	158.6477
0.053	159.3077
0.054	159.8377
0.055	160.3177
0.056	160.7777
0.057	161.3477
0.058	161.7577
0.059	162.1777
0.06	162.7777
0.061	163.2077
0.062	163.5477
0.063	163.8277
0.064	164.0977
0.065	164.3977
0.066	164.7477
0.067	165.1877
0.068	165.4277
0.069	165.7377
0.07	165.9677
0.071	166.0377
0.072	166.3277
0.073	166.5677
0.074	166.7577
0.075	167.0177
0.076	167.3177
0.077	167.5177
0.078	167.5677
0.079	167.6377
0.08	167.7377
0.081	167.9177
0.082	168.1177
0.083	168.2877
0.084	168.5477
0.085	168.6077
0.086	168.6177
0.087	168.7477
0.088	168.8077
0.089	168.8677
0.09	169.0377
0.091	169.2377
0.092	169.3477
0.093	169.3577
0.094	169.3677
0.095	169.4177
0.096	169.4777
0.097	169.6177
0.098	169.6777
0.099	169.7477
0.1	169.9177
0.101	169.9077
0.102	169.8677
0.103	169.8977
0.104	169.9677
0.105	170.0177
0.106	170.0677
0.107	170.2577
0.108	170.3077
0.109	170.2077
0.11	170.2077
0.111	170.1977
0.112	170.2677
0.113	170.3077
0.114	170.3677
0.115	170.5277
0.116	170.5577
0.117	170.5777
0.118	170.5177
0.119	170.3977
0.12	170.4577
0.121	170.5477
0.122	170.6077
0.123	170.7077
0.124	170.7277
0.125	170.6877
0.126	170.6777
0.127	170.6977
0.128	170.6777
0.129	170.6477
0.13	170.7377
0.131	170.8477
0.132	170.8277
0.133	170.7977
0.134	170.7677
0.135	170.7577
0.136	170.7777
0.137	170.8777
0.138	170.9777
0.139	170.8777
0.14	170.9177
0.141	170.9377
0.142	170.8477
0.143	170.8577
0.144	170.8177
0.145	170.8677
0.146	170.9577
0.147	171.0977
0.148	171.0277
0.149	170.8477
0.15	170.9177
0.151	170.8977
0.152	170.9277
0.153	170.9677
0.154	171.0577
0.155	171.0977
0.156	171.0077
0.157	170.9777
0.158	170.9477
0.159	170.9277
0.16	170.9077
0.161	171.0777
0.162	171.0877
0.163	171.1177
0.164	171.0977
0.165	170.9277
0.166	171.0177
0.167	171.0177
0.168	170.9777
0.169	170.9977
0.17	171.1377
0.171	171.1977
0.172	171.0777
0.173	171.0577
0.174	171.0077
0.175	170.9977
0.176	171.0077
0.177	171.1377
0.178	171.1977
0.179	171.0977
0.18	171.0977
0.181	171.0077
0.182	171.0177
0.183	171.0177
0.184	170.9977
0.185	171.1377
0.186	171.1877
0.187	171.2377
0.188	171.1577
0.189	170.9577
0.19	171.0077
0.191	171.0277
0.192	171.0377
0.193	171.1477
0.194	171.1777
0.195	171.1677
0.196	171.0677
0.197	171.0777
0.198	171.1077
0.199	170.9877
0.2	171.0677
0.201	171.1977
0.202	171.2377
0.203	171.1777
0.204	171.1177
0.205	171.0677
0.206	171.0877
0.207	171.1777
0.208	171.0777
0.209	171.1077
0.21	171.1577
0.211	171.0977
0.212	171.1077
0.213	171.0477
0.214	171.0477
0.215	171.0577
0.216	171.0577
0.217	171.2677
0.218	171.2777
0.219	171.0577
0.22	171.0777
0.221	171.0777
0.222	171.0377
0.223	171.0977
0.224	171.1477
0.225	171.2277
0.226	171.2477
0.227	171.1977
0.228	171.0877
0.229	171.0077
0.23	171.0477
0.231	171.0977
0.232	171.1977
0.233	171.2077
0.234	171.1977
0.235	171.1477
0.236	171.0377
0.237	171.0977
0.238	171.1077
0.239	171.0577
0.24	171.1777
0.241	171.1977
0.242	171.2077
0.243	171.1777
0.244	171.0777
0.245	171.0477
0.246	171.0977
0.247	171.2277
0.248	171.1877
0.249	171.1677
0.25	171.1677
0.251	171.0877
0.252	171.0477
0.253	171.0577
0.254	171.0977
0.255	171.1477
0.256	171.2077
0.257	171.2777
0.258	171.2877
0.259	171.0977
0.26	171.0077
0.261	171.0877
0.262	171.0977
0.263	171.1177
0.264	171.1777
0.265	171.2577
0.266	171.2577
0.267	171.2477
0.268	171.0877
0.269	170.9977
0.27	171.1377
0.271	171.1577
0.272	171.2277
0.273	171.1977
0.274	171.1377
0.275	171.1177
0.276	171.0277
0.277	171.1477
0.278	171.1577
0.279	171.1377
0.28	171.2077
0.281	171.1977
0.282	171.1777
0.283	171.0877
0.284	171.0977
0.285	171.1077
0.286	171.1377
0.287	171.2377
0.288	171.2377
0.289	171.1377
0.29	171.1277
0.291	171.1077
0.292	171.0977
0.293	171.1177
0.294	171.0977
0.295	171.2077
0.296	171.2377
0.297	171.2577
0.298	171.2077
0.299	171.0677
0.3	171.0777
0.301	171.0977
0.302	171.1077
0.303	171.1677
0.304	171.2277
0.305	171.1877
0.306	171.1477
0.307	171.1677
0.308	171.0877
0.309	171.0677
0.31	171.2077
0.311	171.2177
0.312	171.1877
0.313	171.1877
0.314	171.0977
0.315	171.0977
0.316	171.0677
0.317	171.1877
0.318	171.2377
0.319	171.1477
0.32	171.2177
0.321	171.1977
0.322	171.0977
0.323	171.0177
0.324	171.0977
0.325	171.1477
0.326	171.1177
0.327	171.2477
0.328	171.2077
0.329	171.0877
0.33	171.0877
0.331	171.1077
0.332	171.0977
0.333	171.1377
0.334	171.2177
0.335	171.2177
0.336	171.2377
0.337	171.2277
0.338	171.1077
0.339	171.0477
0.34	171.0977
0.341	171.1177
0.342	171.1077
0.343	171.2277
0.344	171.2777
0.345	171.1277
0.346	171.0977
0.347	171.1177
0.348	171.0877
0.349	171.1377
0.35	171.1877
0.351	171.2477
0.352	171.1877
0.353	171.0877
0.354	171.0377
0.355	171.0577
0.356	171.1077
0.357	171.1777
0.358	171.2477
0.359	171.1777
0.36	171.1877
0.361	171.1177
0.362	171.0277
0.363	171.1177
0.364	171.1377
0.365	171.1277
0.366	171.1877
0.367	171.3077
0.368	171.1577
0.369	171.0577
0.37	171.1177
0.371	171.0677
0.372	171.1677
0.373	171.1377
0.374	171.1677
0.375	171.2477
0.376	171.1477
0.377	171.1777
0.378	171.1377
0.379	171.0877
0.38	171.1877
0.381	171.1977
0.382	171.1777
0.383	171.1777
0.384	171.1777
0.385	171.1277
0.386	171.0877
0.387	171.1677
0.388	171.1277
0.389	171.1077
0.39	171.2277
0.391	171.2377
0.392	171.1377
0.393	171.1077
0.394	171.0777
0.395	171.0877
0.396	171.1777
0.397	171.2377
0.398	171.1877
0.399	171.1277
0.4	171.1177
0.401	171.0977
0.402	171.0877
0.403	171.1377
0.404	171.1777
0.405	171.1777
0.406	171.2077
0.407	171.2477
0.408	171.1377
0.409	171.0477
0.41	171.0877
0.411	171.1477
0.412	171.1777
0.413	171.2077
0.414	171.1977
0.415	171.1677
0.416	171.1477
0.417	171.1877
0.418	171.1777
0.419	171.0577
0.42	171.1377
0.421	171.2477
0.422	171.2077
0.423	171.1977
0.424	171.1477
0.425	171.0977
0.426	171.1277
0.427	171.2177
0.428	171.2177
0.429	171.1677
0.43	171.1777
0.431	171.1577
0.432	171.1177
0.433	171.1077
0.434	171.1177
0.435	171.1277
0.436	171.1177
0.437	171.1977
0.438	171.2377
0.439	171.1477
0.44	171.1077
0.441	171.1177
0.442	171.1177
0.443	171.1677
0.444	171.1977
0.445	171.1977
0.446	171.1577
0.447	171.2277
0.448	171.1677
0.449	171.0277
0.45	171.1177
0.451	171.2077
0.452	171.1877
0.453	171.1377
0.454	171.1377
0.455	171.1277
0.456	171.0977
0.457	171.1377
0.458	171.2177
0.459	171.1377
0.46	171.0877
0.461	171.1577
0.462	171.1477
0.463	171.1277
0.464	171.1177
0.465	171.1177
0.466	171.1877
0.467	171.2777
0.468	171.1977
0.469	171.1077
0.47	171.1677
0.471	171.1677
0.472	171.1377
0.473	171.1177
0.474	171.1477
0.475	171.2077
0.476	171.1377
0.477	171.2277
0.478	171.2877
0.479	171.1177
0.48	171.0677
0.481	171.0977
0.482	171.1477
0.483	171.1977
0.484	171.2177
0.485	171.1977
0.486	171.1877
0.487	171.2277
0.488	171.1477
0.489	171.0277
0.49	171.1577
0.491	171.2277
0.492	171.1277
0.493	171.1477
0.494	171.1377
0.495	171.1077
0.496	171.1377
0.497	171.2277
0.498	171.2177
0.499	171.1077
0.5	171.1377
0.501	171.1977
0.502	171.1777
0.503	171.0977
0.504	171.0877
0.505	171.1777
0.506	171.2477
0.507	171.2577
0.508	171.2177
0.509	171.1277
0.51	171.1777
0.511	171.1577
0.512	171.0677
0.513	171.1677
0.514	171.1777
0.515	171.1577
0.516	171.2177
0.517	171.2377
0.518	171.1777
0.519	171.0777
0.52	171.0877
0.521	171.1777
0.522	171.2077
0.523	171.1577
0.524	171.2577
0.525	171.2077
0.526	171.1877
0.527	171.2477
0.528	171.1477
0.529	171.1477
0.53	171.1477
0.531	171.2077
0.532	171.1877
0.533	171.1677
0.534	171.1777
0.535	171.1177
0.536	171.1377
0.537	171.2277
0.538	171.2177
0.539	171.0977
0.54	171.1877
0.541	171.1977
0.542	171.1277
0.543	171.1577
0.544	171.1377
0.545	171.1777
0.546	171.1577
0.547	171.2377
0.548	171.2477
0.549	171.0977
0.55	171.1177
0.551	171.1377
0.552	171.1977
0.553	171.2077
0.554	171.1577
0.555	171.1777
0.556	171.1977
0.557	171.2677
0.558	171.2177
0.559	171.0677
0.56	171.1277
0.561	171.2077
0.562	171.1577
0.563	171.1177
0.564	171.1977
0.565	171.1677
0.566	171.0777
0.567	171.2077
0.568	171.1977
0.569	171.1077
0.57	171.1177
0.571	171.1677
0.572	171.1977
0.573	171.1677
0.574	171.1177
0.575	171.1477
0.576	171.2177
0.577	171.2077
0.578	171.1877
0.579	171.1277
0.58	171.1277
0.581	171.1777
0.582	171.1577
0.583	171.1677
0.584	171.1977
0.585	171.1777
0.586	171.1777
0.587	171.1977
0.588	171.2277
0.589	171.1377
0.59	171.1277
0.591	171.2077
0.592	171.2077
0.593	171.1977
0.594	171.1177
0.595	171.2177
0.596	171.2377
0.597	171.1677
0.598	171.2377
0.599	171.1477
0.6	171.1677
0.601	171.1477
0.602	171.1277
0.603	171.2377
0.604	171.1477
0.605	171.1677
0.606	171.1677
0.607	171.2077
0.608	171.2377
0.609	171.0577
0.61	171.1377
0.611	171.1977
0.612	171.1977
0.613	171.1477
0.614	171.1077
0.615	171.2077
0.616	171.1877
0.617	171.2177
0.618	171.2077
0.619	171.1577
0.62	171.2177
0.621	171.1477
0.622	171.1077
0.623	171.1677
0.624	171.1877
0.625	171.1577
0.626	171.1577
0.627	171.2477
0.628	171.2177
0.629	171.1177
0.63	171.1477
0.631	171.1777
0.632	171.1377
0.633	171.0977
0.634	171.1377
0.635	171.2177
0.636	171.1977
0.637	171.1577
0.638	171.2377
0.639	171.1777
0.64	171.0777
0.641	171.1077
0.642	171.1477
0.643	171.2177
0.644	171.1277
0.645	171.1277
0.646	171.1977
0.647	171.1977
0.648	171.1877
0.649	171.0577
0.65	171.0877
0.651	171.1877
0.652	171.1777
0.653	171.1677
0.654	171.1977
0.655	171.2077
0.656	171.1177
0.657	171.1777
0.658	171.2577
0.659	171.1277
0.66	171.1077
0.661	171.1377
0.662	171.1277
0.663	171.1777
0.664	171.1177
0.665	171.1077
0.666	171.1577
0.667	171.2577
0.668	171.1977
0.669	171.0877
0.67	171.1677
0.671	171.1377
0.672	171.1177
0.673	171.1177
0.674	171.1377
0.675	171.1577
0.676	171.1477
0.677	171.1977
0.678	171.2377
0.679	171.1277
0.68	171.0377
0.681	171.1077
0.682	171.1677
0.683	171.1677
0.684	171.1477
0.685	171.1877
0.686	171.2477
0.687	171.1777
0.688	171.1177
0.689	171.1277
0.69	171.1477
0.691	171.1677
0.692	171.1677
0.693	171.1477
0.694	171.1477
0.695	171.1477
0.696	171.1377
0.697	171.1877
0.698	171.1877
0.699	171.1277
0.7	171.1977
0.701	171.2177
0.702	171.1477
0.703	171.1577
0.704	171.1277
0.705	171.1177
0.706	171.1777
0.707	171.2077
0.708	171.2177
0.709	171.1377
0.71	171.1477
0.711	171.1577
0.712	171.1377
0.713	171.1677
0.714	171.1377
0.715	171.1577
0.716	171.1577
0.717	171.2377
0.718	171.2477
0.719	171.0677
0.72	171.0877
0.721	171.1577
0.722	171.1677
0.723	171.1877
0.724	171.1677
0.725	171.1477
0.726	171.1377
0.727	171.1677
0.728	171.1777
0.729	171.0977
0.73	171.1177
0.731	171.1677
0.732	171.1377
0.733	171.1777
0.734	171.0977
0.735	171.0777
0.736	171.1277
0.737	171.1877
0.738	171.2377
0.739	171.1277
0.74	171.2077
0.741	171.2177
0.742	171.0977
0.743	171.0977
0.744	171.0577
0.745	171.1277
0.746	171.1377
0.747	171.2177
0.748	171.2977
0.749	171.0977
0.75	171.1077
0.751	171.0877
0.752	171.0377
0.753	171.1877
0.754	171.1577
0.755	171.1477
0.756	171.1677
0.757	171.1477
0.758	171.1577
0.759	171.0877
0.76	171.0777
0.761	171.1977
0.762	171.2177
0.763	171.1677
0.764	171.1877
0.765	171.1577
0.766	171.1177
0.767	171.1977
0.768	171.1977
0.769	171.1477
0.77	171.1377
0.771	171.1577
0.772	171.1677
0.773	171.1177
0.774	171.0877
0.775	171.0877
0.776	171.1477
0.777	171.2477
0.778	171.2477
0.779	171.1677
0.78	171.1177
0.781	171.0877
0.782	171.1077
0.783	171.1077
0.784	171.1177
0.785	171.1777
0.786	171.1877
0.787	171.2277
0.788	171.1777
0.789	171.0477
0.79	171.0977
0.791	171.1077
0.792	171.1177
0.793	171.1977
0.794	171.1777
0.795	171.1577
0.796	171.1077
0.797	171.1177
0.798	171.1477
0.799	171.0977
0.8	171.1377
0.801	171.2277
0.802	171.2477
0.803	171.1477
0.804	171.1177
0.805	171.1277
0.806	171.0877
0.807	171.1577
0.808	171.1977
0.809	171.1877
0.81	171.1477
0.811	171.1877
0.812	171.1477
0.813	171.0277
0.814	171.0977
0.815	171.1277
0.816	171.1477
0.817	171.2577
0.818	171.2777
0.819	171.1377
0.82	171.0877
0.821	171.1177
0.822	171.1077
0.823	171.1477
0.824	171.1677
0.825	171.1677
0.826	171.1777
0.827	171.2277
0.828	171.1877
0.829	171.0477
0.83	171.0877
0.831	171.1877
0.832	171.1877
0.833	171.1977
0.834	171.2277
0.835	171.1977
0.836	171.1477
0.837	171.1477
0.838	171.1877
0.839	171.1077
0.84	171.1077
0.841	171.2677
0.842	171.1977
0.843	171.1477
0.844	171.1077
0.845	171.0277
0.846	171.1377
0.847	171.1777
0.848	171.2277
0.849	171.2277
0.85	171.1677
0.851	171.1277
0.852	171.0677
0.853	171.1077
0.854	171.1077
0.855	171.1477
0.856	171.2377
0.857	171.2577
0.858	171.2277
0.859	171.1177
0.86	171.1077
0.861	171.1477
0.862	171.1377
0.863	171.1577
0.864	171.2177
0.865	171.2377
0.866	171.1777
0.867	171.1977
0.868	171.1177
0.869	171.0177
0.87	171.1177
0.871	171.1677
0.872	171.2177
0.873	171.2177
0.874	171.1377
0.875	171.1577
0.876	171.1177
0.877	171.1577
0.878	171.1877
0.879	171.1377
0.88	171.1877
0.881	171.1977
0.882	171.1477
0.883	171.0777
0.884	171.0477
0.885	171.1277
0.886	171.1177
0.887	171.2377
0.888	171.2677
0.889	171.0977
0.89	171.1277
0.891	171.1377
0.892	171.0877
0.893	171.0577
0.894	171.1277
0.895	171.1977
0.896	171.2077
0.897	171.2177
0.898	171.1677
0.899	171.1377
0.9	171.0477
0.901	171.0277
0.902	171.1277
0.903	171.2077
0.904	171.2277
0.905	171.1977
0.906	171.0777
0.907	171.1077
0.908	171.1777
0.909	171.0877
0.91	171.1177
0.911	171.2077
0.912	171.2577
0.913	171.1577
0.914	171.0577
0.915	171.0677
0.916	171.0777
0.917	171.1477
0.918	171.2577
0.919	171.2777
0.92	171.1577
0.921	171.1477
0.922	171.0977
0.923	171.0177
0.924	171.0777
0.925	171.1077
0.926	171.2577
0.927	171.3277
0.928	171.2377
0.929	171.1077
0.93	170.9877
0.931	171.0977
0.932	171.0977
0.933	171.1077
0.934	171.2177
0.935	171.1877
0.936	171.1977
0.937	171.2077
0.938	171.1777
0.939	171.0977
0.94	171.0777
0.941	171.1077
0.942	171.1877
0.943	171.2877
0.944	171.1977
0.945	171.1577
0.946	171.0877
0.947	171.1177
0.948	171.1777
0.949	171.0677
0.95	171.1877
0.951	171.2877
0.952	171.2077
0.953	171.0877
0.954	171.0977
0.955	171.1177
0.956	171.0977
0.957	171.1977
0.958	171.3077
0.959	171.2777
0.96	171.1577
0.961	171.1277
0.962	171.0777
0.963	171.0977
0.964	171.1077
0.965	171.0877
0.966	171.2577
0.967	171.2977
0.968	171.1877
0.969	171.0777
0.97	171.0777
0.971	171.1177
0.972	171.0277
0.973	171.1777
0.974	171.2877
0.975	171.2277
0.976	171.1577
0.977	171.1177
0.978	171.1777
0.979	171.0277
0.98	171.0777
0.981	171.2177
0.982	171.2277
0.983	171.2277
0.984	171.1177
0.985	171.0877
0.986	171.0577
0.987	171.1377
0.988	171.1577
0.989	171.1477
0.99	171.2977
0.991	171.2377
0.992	171.1077
0.993	171.0977
0.994	171.0777
0.995	171.0977
0.996	171.1777
0.997	171.2577
0.998	171.3477
0.999	171.2077
1	171.0777
1.001	171.0877
1.002	171.0677
1.003	171.0977
1.004	171.1577
1.005	171.2677
1.006	171.2377
1.007	171.1977
1.008	171.1877
1.009	171.0177
1.01	170.9977
1.011	171.0477
1.012	171.1277
1.013	171.2577
1.014	171.2177
1.015	171.1177
1.016	171.0977
1.017	171.1177
1.018	171.1377
1.019	171.0677
1.02	171.1677
1.021	171.2777
1.022	171.1977
1.023	171.1377
1.024	171.0877
1.025	171.0977
1.026	171.0477
1.027	171.1077
1.028	171.2977
1.029	171.1777
1.03	171.1577
1.031	171.1777
1.032	171.0877
1.033	171.1077
1.034	171.0577
1.035	171.1477
1.036	171.2477
1.037	171.2877
1.038	171.2677
1.039	171.0777
1.04	171.0077
1.041	171.0877
1.042	171.0977
1.043	171.0777
1.044	171.2077
1.045	171.2677
1.046	171.2377
1.047	171.1877
1.048	171.1177
1.049	171.0377
1.05	171.0277
1.051	171.1677
1.052	171.1777
1.053	171.2577
1.054	171.1977
1.055	171.0677
1.056	171.0777
1.057	171.0977
1.058	171.1677
1.059	171.1377
1.06	171.2377
1.061	171.2477
1.062	171.1377
1.063	171.1177
1.064	171.0877
1.065	171.0877
1.066	171.0877
1.067	171.2277
1.068	171.2877
1.069	171.2077
1.07	171.1077
1.071	171.0777
1.072	171.1377
1.073	171.0477
1.074	171.0677
1.075	171.1877
1.076	171.2077
1.077	171.2677
1.078	171.1877
1.079	171.0577
1.08	171.0677
1.081	171.0977
1.082	171.0977
1.083	171.2077
1.084	171.2877
1.085	171.1977
1.086	171.1177
1.087	171.1177
1.088	171.1177
1.089	171.0477
1.09	171.0777
1.091	171.2377
1.092	171.2377
1.093	171.1877
1.094	171.0977
1.095	171.0477
1.096	171.1377
1.097	171.1177
1.098	171.1777
1.099	171.1777
1.1	171.1977
1.101	171.2377
1.102	171.0377
1.103	171.0977
1.104	171.0877
1.105	171.0677
1.106	171.1577
1.107	171.2777
1.108	171.3477
1.109	171.0677
1.11	171.0577
1.111	171.1577
1.112	171.0877
1.113	171.0977
1.114	171.1877
1.115	171.2777
1.116	171.1877
1.117	171.1677
1.118	171.1377
1.119	171.0577
1.12	171.0077
1.121	171.0777
1.122	171.2277
1.123	171.2477
1.124	171.2077
1.125	171.1577
1.126	171.1177
1.127	171.1377
1.128	171.1077
1.129	171.0777
1.13	171.1377
1.131	171.2577
1.132	171.2677
1.133	171.1577
1.134	171.0577
1.135	171.0877
1.136	171.0777
1.137	171.1277
1.138	171.2977
1.139	171.2177
1.14	171.1277
1.141	171.1377
1.142	171.1777
1.143	171.1177
1.144	171.0577
1.145	171.1677
1.146	171.1777
1.147	171.3277
1.148	171.2577
1.149	171.0277
1.15	171.0477
1.151	171.0977
1.152	171.1077
1.153	171.1377
1.154	171.2477
1.155	171.2477
1.156	171.1077
1.157	171.1077
1.158	171.1977
1.159	171.0677
1.16	171.0377
1.161	171.1577
1.162	171.2177
1.163	171.2377
1.164	171.1277
1.165	171.0977
1.166	171.0277
1.167	171.0877
1.168	171.1977
1.169	171.1377
1.17	171.2177
1.171	171.2377
1.172	171.1377
1.173	171.0477
1.174	171.0777
1.175	171.1177
1.176	171.0877
1.177	171.2477
1.178	171.3177
1.179	171.1777
1.18	171.0977
1.181	171.0777
1.182	171.0577
1.183	171.1177
1.184	171.1177
1.185	171.1677
1.186	171.3077
1.187	171.2377
1.188	171.1377
1.189	171.0277
1.19	171.0177
1.191	171.0977
1.192	171.1377
1.193	171.2577
1.194	171.2377
1.195	171.2077
1.196	171.1477
1.197	171.0677
1.198	171.1177
1.199	171.1077
1.2	171.0877
1.201	171.1777
1.202	171.2577
1.203	171.1677
1.204	171.0777
1.205	171.0677
1.206	171.0677
1.207	171.1377
1.208	171.2377
1.209	171.1777
1.21	171.1177
1.211	171.1877
1.212	171.1177
1.213	171.0477
1.214	171.0677
1.215	171.1077
1.216	171.1577
1.217	171.2377
1.218	171.2777
1.219	171.1377
1.22	171.0377
1.221	171.0777
1.222	171.0877
1.223	171.1477
1.224	171.2177
1.225	171.2277
1.226	171.2277
1.227	171.1977
1.228	171.1577
1.229	171.0777
1.23	171.0577
1.231	171.1477
1.232	171.1877
1.233	171.2677
1.234	171.1977
1.235	171.0677
1.236	171.0877
1.237	171.1077
1.238	171.1177
1.239	171.1377
1.24	171.1677
1.241	171.1977
1.242	171.2177
1.243	171.1177
1.244	171.0777
1.245	171.0977
1.246	171.1177
1.247	171.2077
1.248	171.2277
1.249	171.1777
1.25	171.1177
1.251	171.1277
1.252	171.1277
1.253	171.1277
1.254	171.1277
1.255	171.1677
1.256	171.1977
1.257	171.2377
1.258	171.2777
1.259	171.1077
1.26	171.0577
1.261	171.1077
1.262	171.0877
1.263	171.1777
1.264	171.2177
1.265	171.2277
1.266	171.1877
1.267	171.1577
1.268	171.1477
1.269	171.0877
1.27	171.0977
1.271	171.1677
1.272	171.2577
1.273	171.2077
1.274	171.1077
1.275	171.0877
1.276	171.0277
1.277	171.0777
1.278	171.2177
1.279	171.1677
1.28	171.1577
1.281	171.2077
1.282	171.1177
1.283	171.0877
1.284	171.0777
1.285	171.1177
1.286	171.1377
1.287	171.1977
1.288	171.2777
1.289	171.1677
1.29	171.1177
1.291	171.0777
1.292	171.0377
1.293	171.1077
1.294	171.1577
1.295	171.2177
1.296	171.1777
1.297	171.1877
1.298	171.1877
1.299	171.0577
1.3	171.0477
1.301	171.0977
1.302	171.1877
1.303	171.2077
1.304	171.1877
1.305	171.1977
1.306	171.1177
1.307	171.1377
1.308	171.1777
1.309	171.0777
1.31	171.0977
1.311	171.2377
1.312	171.2277
1.313	171.1477
1.314	171.0977
1.315	171.0577
1.316	171.0577
1.317	171.2077
1.318	171.2677
1.319	171.1677
1.32	171.1677
1.321	171.1577
1.322	171.1677
1.323	171.0777
1.324	171.0477
1.325	171.1677
1.326	171.1677
1.327	171.2477
1.328	171.3177
1.329	171.1277
1.33	171.0577
1.331	171.1077
1.332	171.0777
1.333	171.0777
1.334	171.1277
1.335	171.1777
1.336	171.1777
1.337	171.1977
1.338	171.2177
1.339	171.0677
1.34	171.0977
1.341	171.2177
1.342	171.1577
1.343	171.1777
1.344	171.1877
1.345	171.1377
1.346	171.0477
1.347	171.0977
1.348	171.1877
1.349	171.0877
1.35	171.1377
1.351	171.1877
1.352	171.1677
1.353	171.1077
1.354	171.0477
1.355	171.0977
1.356	171.1277
1.357	171.1977
1.358	171.2177
1.359	171.1877
1.36	171.1477
1.361	171.1177
1.362	171.0877
1.363	171.0577
1.364	171.1277
1.365	171.1577
1.366	171.1377
1.367	171.1977
1.368	171.2477
1.369	171.0477
1.37	170.9977
1.371	171.1477
1.372	171.1577
1.373	171.2177
1.374	171.1977
1.375	171.1777
1.376	171.1477
1.377	171.1377
1.378	171.2077
1.379	171.1177
1.38	171.1077
1.381	171.1677
1.382	171.1677
1.383	171.2177
1.384	171.1977
1.385	171.1077
1.386	171.0277
1.387	171.1477
1.388	171.2977
1.389	171.1177
1.39	171.1277
1.391	171.2377
1.392	171.1277
1.393	171.1277
1.394	171.1177
1.395	171.1077
1.396	171.1677
1.397	171.2177
1.398	171.2577
1.399	171.1977
1.4	171.0677
1.401	171.0677
1.402	171.1477
1.403	171.1877
1.404	171.2277
1.405	171.1977
1.406	171.1977
1.407	171.1877
1.408	171.1577
1.409	171.0777
1.41	171.0577
1.411	171.1377
1.412	171.1177
1.413	171.1377
1.414	171.1677
1.415	171.2077
1.416	171.1677
1.417	171.1377
1.418	171.1877
1.419	171.1077
1.42	171.1377
1.421	171.1977
1.422	171.1877
1.423	171.1877
1.424	171.1177
1.425	171.0677
1.426	171.0877
1.427	171.1977
1.428	171.2277
1.429	171.1177
1.43	171.1277
1.431	171.1677
1.432	171.1177
1.433	171.0677
1.434	171.1177
1.435	171.1677
1.436	171.1577
1.437	171.2177
1.438	171.2477
1.439	171.1177
1.44	171.0377
1.441	171.0977
1.442	171.1177
1.443	171.1277
1.444	171.1777
1.445	171.1677
1.446	171.1777
1.447	171.1877
1.448	171.0977
1.449	171.0677
1.45	171.0977
1.451	171.1677
1.452	171.2177
1.453	171.1777
1.454	171.1477
1.455	171.1477
1.456	171.1177
1.457	171.1377
1.458	171.2277
1.459	171.1877
1.46	171.1277
1.461	171.1577
1.462	171.1877
1.463	171.1577
1.464	171.0877
1.465	171.1277
1.466	171.1777
1.467	171.1777
1.468	171.2177
1.469	171.1977
1.47	171.1377
1.471	171.1477
1.472	171.1477
1.473	171.1377
1.474	171.2077
1.475	171.1577
1.476	171.0977
1.477	171.1477
1.478	171.2277
1.479	171.1477
1.48	171.0577
1.481	171.1477
1.482	171.1577
1.483	171.1477
1.484	171.1677
1.485	171.1577
1.486	171.1777
1.487	171.1577
1.488	171.1477
1.489	171.0977
1.49	171.1277
1.491	171.1777
1.492	171.1177
1.493	171.1877
1.494	171.1777
1.495	171.0777
1.496	171.0877
1.497	171.1277
1.498	171.2177
1.499	171.1477
1.5	171.0977
1.501	171.1677
1.502	171.1577
1.503	171.1377
1.504	171.0777
1.505	171.1277
1.506	171.1577
1.507	171.1977
1.508	171.2477
1.509	171.1377
1.51	171.1077
1.511	171.0677
1.512	171.0577
1.513	171.1677
1.514	171.1677
1.515	171.1177
1.516	171.1377
1.517	171.1677
1.518	171.2177
1.519	171.1477
1.52	171.0677
1.521	171.1777
1.522	171.1277
1.523	171.1177
1.524	171.1877
1.525	171.1877
1.526	171.1277
1.527	171.0977
1.528	171.2177
1.529	171.1377
1.53	171.1177
1.531	171.1177
1.532	171.0977
1.533	171.1977
1.534	171.1077
1.535	171.0977
1.536	171.1377
1.537	171.1577
1.538	171.2177
1.539	171.1577
1.54	171.1377
1.541	171.1877
1.542	171.1477
1.543	171.0877
1.544	171.0977
1.545	171.1277
1.546	171.1377
1.547	171.1777
1.548	171.2377
1.549	171.1377
1.55	171.0677
1.551	171.1077
1.552	171.1077
1.553	171.1577
1.554	171.1077
1.555	171.0777
1.556	171.1577
1.557	171.1877
1.558	171.1977
1.559	171.1077
1.56	171.1377
1.561	171.2177
1.562	171.1077
1.563	171.0777
1.564	171.1277
1.565	171.1177
1.566	171.1177
1.567	171.1677
1.568	171.2077
1.569	171.0977
1.57	171.0577
1.571	171.1277
1.572	171.1477
1.573	171.1477
1.574	171.0677
1.575	171.0977
1.576	171.1677
1.577	171.1377
1.578	171.2077
1.579	171.1477
1.58	171.1177
1.581	171.0877
1.582	171.0677
1.583	171.1977
1.584	171.1577
1.585	171.1177
1.586	171.1277
1.587	171.1377
1.588	171.2277
1.589	171.1077
1.59	171.0577
1.591	171.1677
1.592	171.1177
1.593	171.1377
1.594	171.1477
1.595	171.1477
1.596	171.2077
1.597	171.1177
1.598	171.1877
1.599	171.1977
1.6	171.1077
1.601	171.1477
1.602	171.1077
1.603	171.1077
1.604	171.1677
1.605	171.1677
1.606	171.1277
1.607	171.1877
1.608	171.2677
1.609	171.1377
1.61	171.0477
1.611	171.1577
1.612	171.1577
1.613	171.0977
1.614	171.1577
1.615	171.1877
1.616	171.1677
1.617	171.1177
1.618	171.1777
1.619	171.1977
1.62	171.0877
1.621	171.1477
1.622	171.1777
1.623	171.1377
1.624	171.1677
1.625	171.1077
1.626	171.1277
1.627	171.2277
1.628	171.1877
1.629	171.0977
1.63	171.0977
1.631	171.1977
1.632	171.1777
1.633	171.1277
1.634	171.1577
1.635	171.1477
1.636	171.1477
1.637	171.1377
1.638	171.1977
1.639	171.1577
1.64	171.0577
1.641	171.1077
1.642	171.1477
1.643	171.1777
1.644	171.1177
1.645	171.1677
1.646	171.1977
1.647	171.1677
1.648	171.2477
1.649	171.1077
1.65	171.0177
1.651	171.1677
1.652	171.2077
1.653	171.1277
1.654	171.1477
1.655	171.1077
1.656	171.0677
1.657	171.1077
1.658	171.1977
1.659	171.1977
1.66	171.0877
1.661	171.1477
1.662	171.1277
1.663	171.1177
1.664	171.1177
1.665	171.0777
1.666	171.1377
1.667	171.1877
1.668	171.2877
1.669	171.1577
1.67	171.0777
1.671	171.1377
1.672	171.1377
1.673	171.1277
1.674	171.1577
1.675	171.1677
1.676	171.1177
1.677	171.1877
1.678	171.2277
1.679	171.1377
1.68	171.0577
1.681	171.1177
1.682	171.1577
1.683	171.1077
1.684	171.1377
1.685	171.1877
1.686	171.1677
1.687	171.1077
1.688	171.1277
1.689	171.0877
1.69	171.0877
1.691	171.1677
1.692	171.1677
1.693	171.1777
1.694	171.1477
1.695	171.0877
1.696	171.0777
1.697	171.1077
1.698	171.2477
1.699	171.1877
1.7	171.0877
1.701	171.1977
1.702	171.1177
1.703	171.0777
1.704	171.1277
1.705	171.0977
1.706	171.1677
1.707	171.2177
1.708	171.2677
1.709	171.1477
1.71	171.0977
1.711	171.1177
1.712	171.0477
1.713	171.1677
1.714	171.0977
1.715	171.1577
1.716	171.2477
1.717	171.1877
1.718	171.2377
1.719	171.1077
1.72	171.0577
1.721	171.1077
1.722	171.1177
1.723	171.1577
1.724	171.1377
1.725	171.2077
1.726	171.1577
1.727	171.0377
1.728	171.1877
1.729	171.1377
1.73	171.0677
1.731	171.1977
1.732	171.1577
1.733	171.1577
1.734	171.1077
1.735	171.0577
1.736	171.1177
1.737	171.1377
1.738	171.2277
1.739	171.1977
1.74	171.1277
1.741	171.1077
1.742	171.0877
1.743	171.0977
1.744	171.0577
1.745	171.1377
1.746	171.1677
1.747	171.1877
1.748	171.2577
1.749	171.1177
1.75	171.0277
1.751	171.0777
1.752	171.0777
1.753	171.1077
1.754	171.1077
1.755	171.1277
1.756	171.1777
1.757	171.1277
1.758	171.1277
1.759	171.1077
1.76	171.0877
1.761	171.1777
1.762	171.1877
1.763	171.2277
1.764	171.1477
1.765	171.0877
1.766	171.0877
1.767	171.0977
1.768	171.1877
1.769	171.0977
1.77	171.1377
1.771	171.1877
1.772	171.1377
1.773	171.1077
1.774	171.0577
1.775	171.0677
1.776	171.0677
1.777	171.1777
1.778	171.2677
1.779	171.1877
1.78	171.0877
1.781	171.1077
1.782	171.0377
1.783	171.0677
1.784	171.1277
1.785	171.1277
1.786	171.1777
1.787	171.1777
1.788	171.2377
1.789	171.1077
1.79	171.0277
1.791	171.1177
1.792	171.1477
1.793	171.1577
1.794	171.1677
1.795	171.1377
1.796	171.0577
1.797	171.0777
1.798	171.1377
1.799	171.1177
1.8	171.0977
1.801	171.1577
1.802	171.1877
1.803	171.1677
1.804	171.1377
1.805	171.1377
1.806	171.0777
1.807	171.1277
1.808	171.2677
1.809	171.1777
1.81	171.1577
1.811	171.1677
1.812	171.0677
1.813	171.0377
1.814	171.0877
1.815	171.1477
1.816	171.1577
1.817	171.1677
1.818	171.2677
1.819	171.2077
1.82	170.9677
1.821	171.0177
1.822	171.0977
1.823	171.0977
1.824	171.1577
1.825	171.1977
1.826	171.2377
1.827	171.1477
1.828	171.1777
1.829	171.1677
1.83	171.0777
1.831	171.1777
1.832	171.1977
1.833	171.1877
1.834	171.1777
1.835	171.1577
1.836	171.0977
1.837	171.0877
1.838	171.1777
1.839	171.1377
1.84	171.1477
1.841	171.2077
1.842	171.1477
1.843	171.1177
1.844	171.0777
1.845	171.0677
1.846	171.0477
1.847	171.1177
1.848	171.2477
1.849	171.1677
1.85	171.1177
1.851	171.0977
1.852	171.1177
1.853	171.1077
1.854	171.0877
1.855	171.1477
1.856	171.1877
1.857	171.2477
1.858	171.1977
1.859	171.0577
1.86	171.0177
1.861	171.0377
1.862	171.0777
1.863	171.1777
1.864	171.1677
1.865	171.1477
1.866	171.1777
1.867	171.1177
1.868	171.1777
1.869	171.0877
1.87	171.0577
1.871	171.2477
1.872	171.1977
1.873	171.1777
1.874	171.1377
1.875	171.0877
1.876	171.0477
1.877	171.0577
1.878	171.2277
1.879	171.1877
1.88	171.1677
1.881	171.1577
1.882	171.1177
1.883	171.0977
1.884	171.0077
1.885	171.0677
1.886	171.1277
1.887	171.2277
1.888	171.3077
1.889	171.2077
1.89	171.0177
1.891	171.0577
1.892	171.1477
1.893	171.0977
1.894	171.0977
1.895	171.1077
1.896	171.2277
1.897	171.1977
1.898	171.1277
1.899	171.0977
1.9	170.9977
1.901	171.0777
1.902	171.1577
1.903	171.2277
1.904	171.2177
1.905	171.1577
1.906	171.1177
1.907	171.0977
1.908	171.1477
1.909	171.0677
1.91	171.0977
1.911	171.1877
1.912	171.1877
1.913	171.1577
1.914	171.0477
1.915	171.0877
1.916	171.1077
1.917	171.0777
1.918	171.2277
1.919	171.2277
1.92	171.1477
1.921	171.1477
1.922	171.0677
1.923	171.0277
1.924	171.0577
1.925	171.1377
1.926	171.2077
1.927	171.2277
1.928	171.2777
1.929	171.1477
1.93	171.0077
1.931	171.0377
1.932	171.0877
1.933	171.1477
1.934	171.1877
1.935	171.2277
1.936	171.2177
1.937	171.1377
1.938	171.1277
1.939	171.0577
1.94	171.0177
1.941	171.1277
1.942	171.1677
1.943	171.2477
1.944	171.1677
1.945	171.0377
1.946	171.1177
1.947	171.0977
1.948	171.1777
1.949	171.1877
1.95	171.1377
1.951	171.2677
1.952	171.1877
1.953	171.0777
1.954	171.0577
1.955	171.0477
1.956	171.0977
1.957	171.1177
1.958	171.2577
1.959	171.2577
1.96	171.0777
1.961	171.0477
1.962	171.0377
1.963	171.0277
1.964	171.0577
1.965	171.1477
1.966	171.2177
1.967	171.1977
1.968	171.2177
1.969	171.0977
1.97	170.9977
1.971	171.0377
1.972	171.1077
1.973	171.1677
1.974	171.1877
1.975	171.1977
1.976	171.1577
1.977	171.1277
1.978	171.1677
1.979	171.1477
1.98	171.0477
1.981	171.1577
1.982	171.2977
1.983	171.1777
1.984	171.0877
1.985	171.0677
1.986	171.0877
1.987	171.1377
1.988	171.1877
1.989	171.2577
1.99	171.1977
1.991	171.1777
1.992	171.0877
1.993	171.0477
1.994	171.0677
1.995	171.0477
1.996	171.1177
1.997	171.1577
1.998	171.3177
1.999	171.2077
2	171.0077
2.001	171.0477
2.002	171.0577
2.003	171.0777
2.004	171.1577
2.005	171.2677
2.006	171.2377
2.007	171.2077
2.008	171.1877
2.009	171.1177
2.01	171.0477
2.011	171.0977
2.012	171.1877
2.013	171.1877
2.014	171.2477
2.015	171.1677
2.016	171.1477
2.017	171.1177
2.018	171.1177
2.019	171.1577
2.02	171.0977
2.021	171.2777
2.022	171.2477
2.023	171.0977
2.024	171.0877
2.025	171.0677
2.026	171.0677
2.027	171.0977
2.028	171.2877
2.029	171.2577
2.03	171.1277
2.031	171.1077
2.032	171.0377
2.033	171.0677
2.034	171.1177
2.035	171.1177
2.036	171.2177
2.037	171.2477
2.038	171.2477
2.039	171.1177
2.04	170.9377
2.041	171.0677
2.042	171.0777
2.043	171.1077
2.044	171.2377
2.045	171.2377
2.046	171.2077
2.047	171.0877
2.048	171.1677
2.049	171.1177
2.05	171.0477
2.051	171.1677
2.052	171.2177
2.053	171.2377
2.054	171.1277
2.055	171.0977
2.056	171.0677
2.057	171.0277
2.058	171.1177
2.059	171.2077
2.06	171.2477
2.061	171.2277
2.062	171.1577
2.063	171.1277
2.064	171.0977
2.065	171.0377
2.066	171.0877
2.067	171.1677
2.068	171.2777
2.069	171.2477
2.07	171.1177
2.071	171.0977
2.072	171.0477
2.073	171.0977
2.074	171.1277
2.075	171.1877
2.076	171.2877
2.077	171.1577
2.078	171.1677
2.079	171.1477
2.08	171.0077
2.081	171.0677
2.082	171.1277
2.083	171.1677
2.084	171.1977
2.085	171.1977
2.086	171.1077
2.087	171.0777
2.088	171.1377
2.089	171.0677
2.09	171.0877
2.091	171.2477
2.092	171.2777
2.093	171.1877
2.094	171.0777
2.095	171.0977
2.096	171.1377
2.097	171.0077
2.098	171.1677
2.099	171.3077
2.1	171.1877
2.101	171.1477
2.102	171.0677
2.103	171.0477
2.104	171.0677
2.105	171.0877
2.106	171.1477
2.107	171.2477
2.108	171.3477
2.109	171.1577
2.11	171.0477
2.111	171.0977
2.112	171.0277
2.113	171.0577
2.114	171.1177
2.115	171.2277
2.116	171.2377
2.117	171.1377
2.118	171.1177
2.119	171.0677
2.12	170.9877
2.121	171.0777
2.122	171.1977
2.123	171.2477
2.124	171.2577
2.125	171.1277
2.126	171.0577
2.127	171.0377
2.128	171.1277
2.129	171.1677
2.13	171.0677
2.131	171.2377
2.132	171.2377
2.133	171.0677
2.134	171.0377
2.135	171.0477
2.136	171.0477
2.137	171.1077
2.138	171.2577
2.139	171.2377
2.14	171.1377
2.141	171.0677
2.142	171.0577
2.143	171.0977
2.144	171.0777
2.145	171.1277
2.146	171.2277
2.147	171.2777
2.148	171.2577
2.149	171.0777
2.15	170.9777
2.151	171.0577
2.152	171.0777
2.153	171.1577
2.154	171.2277
2.155	171.2277
2.156	171.1977
2.157	171.0777
2.158	171.1177
2.159	171.0777
2.16	171.0777
2.161	171.1877
2.162	171.1977
2.163	171.2377
2.164	171.1177
2.165	171.0677
2.166	171.0677
2.167	171.0877
2.168	171.1577
2.169	171.1477
2.17	171.1677
2.171	171.1977
2.172	171.1577
2.173	171.0777
2.174	171.0477
2.175	171.0477
2.176	171.1077
2.177	171.1677
2.178	171.3077
2.179	171.2877
2.18	171.0977
2.181	171.0577
2.182	171.0277
2.183	171.0777
2.184	171.0977
2.185	171.2177
2.186	171.2777
2.187	171.1877
2.188	171.1377
2.189	171.0477
2.19	171.0577
2.191	171.0777
2.192	171.1377
2.193	171.2077
2.194	171.2477
2.195	171.1977
2.196	171.1077
2.197	171.0377
2.198	171.0877
2.199	171.1177
2.2	171.0577
2.201	171.1677
2.202	171.1877
2.203	171.1477
2.204	171.0877
2.205	171.0577
2.206	171.0677
2.207	171.0877
2.208	171.2277
2.209	171.2477
2.21	171.1377
2.211	171.1177
2.212	171.1377
2.213	171.0677
2.214	171.0977
2.215	171.0977
2.216	171.1077
2.217	171.1977
2.218	171.2477
2.219	171.1877
2.22	171.0277
2.221	171.0777
2.222	171.1077
2.223	171.0977
2.224	171.1977
2.225	171.2277
2.226	171.1677
2.227	171.1377
2.228	171.1677
2.229	171.1177
2.23	171.0377
2.231	171.0977
2.232	171.1577
2.233	171.1977
2.234	171.2077
2.235	171.1077
2.236	171.0377
2.237	171.0577
2.238	171.1277
2.239	171.1477
2.24	171.1377
2.241	171.2277
2.242	171.1677
2.243	171.0477
2.244	171.0577
2.245	171.0677
2.246	171.0977
2.247	171.1577
2.248	171.3177
2.249	171.2777
2.25	171.1377
2.251	171.1077
2.252	171.0677
2.253	171.0777
2.254	171.0577
2.255	171.1677
2.256	171.2277
2.257	171.2177
2.258	171.2277
2.259	171.1377
2.26	171.0077
2.261	171.0477
2.262	171.1677
2.263	171.1577
2.264	171.2577
2.265	171.2477
2.266	171.1177
2.267	171.0777
2.268	171.1077
2.269	171.1077
2.27	171.1077
2.271	171.1877
2.272	171.1977
2.273	171.2077
2.274	171.1477
2.275	171.0977
2.276	171.0977
2.277	171.0577
2.278	171.1877
2.279	171.2377
2.28	171.1477
2.281	171.1777
2.282	171.1277
2.283	171.0877
2.284	171.0777
2.285	171.0577
2.286	171.0777
2.287	171.1577
2.288	171.2977
2.289	171.2277
2.29	171.0277
2.291	171.0677
2.292	171.1377
2.293	171.1277
2.294	171.1577
2.295	171.1977
2.296	171.1877
2.297	171.1477
2.298	171.1677
2.299	171.0977
2.3	171.0277
2.301	171.0777
2.302	171.1577
2.303	171.2077
2.304	171.1977
2.305	171.1477
2.306	171.0877
2.307	171.0977
2.308	171.2077
2.309	171.1577
2.31	171.0977
2.311	171.1977
2.312	171.1977
2.313	171.1677
2.314	171.1277
2.315	171.0677
2.316	171.1077
2.317	171.0977
2.318	171.2177
2.319	171.2677
2.32	171.1577
2.321	171.1477
2.322	171.0477
2.323	171.0777
2.324	171.0977
2.325	171.1277
2.326	171.2077
2.327	171.1577
2.328	171.2577
2.329	171.1677
2.33	170.9977
2.331	171.0577
2.332	171.1077
2.333	171.1577
2.334	171.1677
2.335	171.1677
2.336	171.1577
2.337	171.0977
2.338	171.1477
2.339	171.1077
2.34	171.0877
2.341	171.1777
2.342	171.1877
2.343	171.1677
2.344	171.1377
2.345	171.1377
2.346	171.0977
2.347	171.0977
2.348	171.2177
2.349	171.1977
2.35	171.1077
2.351	171.1577
2.352	171.1677
2.353	171.0977
2.354	171.0477
2.355	171.0377
2.356	171.1177
2.357	171.1677
2.358	171.2377
2.359	171.2477
2.36	171.1077
2.361	171.0577
2.362	171.0877
2.363	171.0977
2.364	171.1477
2.365	171.1577
2.366	171.1477
2.367	171.1977
2.368	171.2577
2.369	171.1277
2.37	170.9977
2.371	171.0777
2.372	171.1777
2.373	171.1877
2.374	171.1977
2.375	171.1877
2.376	171.1577
2.377	171.1177
2.378	171.1577
2.379	171.1677
2.38	171.0877
2.381	171.1477
2.382	171.2077
2.383	171.1577
2.384	171.1377
2.385	171.0977
2.386	171.1177
2.387	171.1377
2.388	171.1777
2.389	171.1777
2.39	171.1377
2.391	171.1477
2.392	171.1377
2.393	171.1277
2.394	171.1077
2.395	171.1177
2.396	171.1477
2.397	171.1577
2.398	171.1877
2.399	171.1877
2.4	171.0977
2.401	171.0477
2.402	171.1177
2.403	171.1177
2.404	171.1177
2.405	171.1677
2.406	171.1877
2.407	171.1477
2.408	171.1777
2.409	171.1177
2.41	170.9977
2.411	171.1477
2.412	171.1777
2.413	171.1277
2.414	171.1577
2.415	171.1677
2.416	171.1377
2.417	171.0877
2.418	171.1677
2.419	171.1677
2.42	171.1277
2.421	171.1277
2.422	171.1677
2.423	171.1577
2.424	171.0677
2.425	171.0677
2.426	171.0877
2.427	171.1377
2.428	171.1977
2.429	171.1577
2.43	171.1277
2.431	171.1477
2.432	171.1077
2.433	171.0677
2.434	171.0777
2.435	171.1077
2.436	171.0977
2.437	171.0977
2.438	171.2177
2.439	171.2077
2.44	171.0077
2.441	171.0377
2.442	171.0677
2.443	171.1177
2.444	171.1977
2.445	171.1377
2.446	171.1477
2.447	171.0977
2.448	171.1177
2.449	171.1077
2.45	171.0577
2.451	171.1777
2.452	171.1677
2.453	171.1677
2.454	171.2077
2.455	171.1677
2.456	171.1177
2.457	171.0977
2.458	171.2277
2.459	171.2077
2.46	171.0877
2.461	171.1577
2.462	171.1877
2.463	171.1477
2.464	171.0577
2.465	171.0377
2.466	171.1777
2.467	171.1377
2.468	171.1577
2.469	171.1777
2.47	171.1077
2.471	171.1177
2.472	171.1177
2.473	171.0977
2.474	171.1477
2.475	171.1577
2.476	171.0777
2.477	171.1277
2.478	171.2177
2.479	171.1777
2.48	171.0177
2.481	171.0777
2.482	171.1677
2.483	171.1377
2.484	171.1477
2.485	171.1577
2.486	171.1677
2.487	171.0677
2.488	171.1677
2.489	171.1877
2.49	171.0377
2.491	171.1077
2.492	171.1377
2.493	171.1577
2.494	171.1477
2.495	171.0477
2.496	171.0677
2.497	171.1077
2.498	171.1777
2.499	171.1977
2.5	171.1377
2.501	171.1577
2.502	171.1377
2.503	171.0877
2.504	171.1277
2.505	171.1377
2.506	171.1177
2.507	171.1477
2.508	171.2177
2.509	171.2177
2.51	171.1077
2.511	171.1177
2.512	171.1277
2.513	171.0977
2.514	171.1177
2.515	171.0977
2.516	171.1577
2.517	171.1977
2.518	171.1877
2.519	171.1377
2.52	171.0577
2.521	171.1477
2.522	171.1777
2.523	171.1177
2.524	171.1177
2.525	171.1177
2.526	171.0777
2.527	171.0577
2.528	171.1377
2.529	171.1677
2.53	171.1077
2.531	171.1277
2.532	171.1677
2.533	171.1177
2.534	171.1177
2.535	171.1077
2.536	171.1277
2.537	171.1577
2.538	171.1577
2.539	171.1777
2.54	171.1377
2.541	171.1277
2.542	171.1177
2.543	171.0977
2.544	171.1377
2.545	171.1377
2.546	171.1377
2.547	171.1377
2.548	171.2177
2.549	171.1977
2.55	171.0377
2.551	171.0677
2.552	171.1977
2.553	171.1477
2.554	171.0477
2.555	171.1277
2.556	171.1377
2.557	171.1377
2.558	171.1677
2.559	171.1177
2.56	171.1077
2.561	171.1077
2.562	171.1077
2.563	171.1477
2.564	171.1477
2.565	171.0877
2.566	171.1077
2.567	171.1277
2.568	171.2077
2.569	171.2077
2.57	171.0577
2.571	171.1277
2.572	171.1877
2.573	171.1377
2.574	171.1277
2.575	171.1077
2.576	171.1077
2.577	171.0677
2.578	171.1677
2.579	171.2777
2.58	171.0977
2.581	171.0577
2.582	171.1277
2.583	171.1277
2.584	171.1677
2.585	171.1577
2.586	171.1377
2.587	171.1377
2.588	171.2277
2.589	171.1477
2.59	171.0377
2.591	171.1177
2.592	171.1177
2.593	171.0877
2.594	171.0977
2.595	171.1377
2.596	171.1277
2.597	171.1177
2.598	171.2077
2.599	171.1877
2.6	171.0377
2.601	171.1077
2.602	171.1777
2.603	171.1277
2.604	171.1277
2.605	171.0977
2.606	171.1177
2.607	171.1477
2.608	171.1977
2.609	171.1677
2.61	171.0677
2.611	171.1377
2.612	171.1377
2.613	171.1077
2.614	171.1777
2.615	171.1577
2.616	171.1577
2.617	171.0877
2.618	171.1477
2.619	171.2577
2.62	171.0877
2.621	171.0477
2.622	171.1277
2.623	171.1877
2.624	171.1777
2.625	171.0877
2.626	171.1077
2.627	171.0977
2.628	171.2077
2.629	171.2077
2.63	171.0377
2.631	171.1077
2.632	171.0977
2.633	171.0877
2.634	171.1577
2.635	171.1277
2.636	171.1277
2.637	171.0877
2.638	171.1577
2.639	171.2077
2.64	171.0577
2.641	171.0377
2.642	171.1377
2.643	171.1377
2.644	171.0977
2.645	171.0977
2.646	171.1077
2.647	171.1277
2.648	171.1377
2.649	171.1277
2.65	171.0377
2.651	171.0677
2.652	171.1477
2.653	171.1377
2.654	171.1777
2.655	171.1477
2.656	171.0977
2.657	171.0677
2.658	171.1877
2.659	171.2077
2.66	171.0977
2.661	171.0977
2.662	171.1577
2.663	171.1577
2.664	171.0477
2.665	171.0977
2.666	171.1477
2.667	171.1177
2.668	171.1777
2.669	171.1477
2.67	171.0977
2.671	171.0877
2.672	171.1077
2.673	171.1177
2.674	171.1177
2.675	171.1377
2.676	171.1577
2.677	171.1777
2.678	171.1777
2.679	171.1577
2.68	171.0477
2.681	171.0477
2.682	171.1577
2.683	171.1777
2.684	171.1177
2.685	171.1277
2.686	171.1077
2.687	171.0477
2.688	171.1377
2.689	171.1477
2.69	171.0677
2.691	171.1077
2.692	171.1677
2.693	171.1677
2.694	171.1077
2.695	171.0377
2.696	171.0677
2.697	171.1377
2.698	171.1777
2.699	171.1877
2.7	171.1477
2.701	171.1277
2.702	171.0877
2.703	171.0577
2.704	171.1177
2.705	171.1377
2.706	171.1277
2.707	171.1577
2.708	171.2477
2.709	171.2077
2.71	171.0377
2.711	171.0177
2.712	171.0877
2.713	171.1377
2.714	171.1377
2.715	171.1077
2.716	171.1477
2.717	171.1377
2.718	171.1377
2.719	171.1077
2.72	171.0377
2.721	171.0977
2.722	171.1577
2.723	171.1477
2.724	171.1477
2.725	171.1477
2.726	171.1177
2.727	171.0777
2.728	171.1777
2.729	171.1777
2.73	171.1177
2.731	171.1977
2.732	171.1877
2.733	171.1377
2.734	171.0977
2.735	171.0177
2.736	171.0677
2.737	171.1577
2.738	171.2277
2.739	171.2177
2.74	171.1377
2.741	171.0877
2.742	171.0377
2.743	171.1077
2.744	171.1077
2.745	171.0977
2.746	171.1677
2.747	171.1677
2.748	171.2177
2.749	171.1777
2.75	171.0377
2.751	171.0577
2.752	171.1077
2.753	171.1077
2.754	171.1577
2.755	171.1677
2.756	171.1377
2.757	171.0677
2.758	171.0777
2.759	171.1677
2.76	171.0877
2.761	171.0777
2.762	171.1477
2.763	171.1777
2.764	171.1677
2.765	171.0477
2.766	171.0677
2.767	171.0677
2.768	171.1577
2.769	171.1977
2.77	171.0877
2.771	171.1177
2.772	171.0977
2.773	171.0677
2.774	171.0877
2.775	171.0677
2.776	171.1377
2.777	171.1677
2.778	171.2077
2.779	171.2577
2.78	171.0877
2.781	171.0177
2.782	171.0577
2.783	171.0977
2.784	171.1577
2.785	171.1377
2.786	171.1777
2.787	171.1777
2.788	171.1477
2.789	171.1077
2.79	171.0177
2.791	171.0777
2.792	171.1077
2.793	171.1577
2.794	171.1677
2.795	171.1177
2.796	171.1177
2.797	171.0377
2.798	171.1277
2.799	171.1777
2.8	171.0877
2.801	171.1577
2.802	171.2177
2.803	171.1977
2.804	171.0877
2.805	171.0377
2.806	171.0577
2.807	171.0277
2.808	171.1777
2.809	171.2377
2.81	171.1277
2.811	171.0877
2.812	171.0477
2.813	171.0477
2.814	171.0977
2.815	171.1177
2.816	171.1377
2.817	171.1877
2.818	171.1777
2.819	171.1477
2.82	171.0677
2.821	170.9877
2.822	171.0177
2.823	171.0977
2.824	171.1377
2.825	171.1777
2.826	171.2077
2.827	171.1177
2.828	171.1177
2.829	171.1277
2.83	171.0477
2.831	171.1177
2.832	171.1677
2.833	171.1377
2.834	171.1877
2.835	171.1277
2.836	171.0677
2.837	171.0577
2.838	171.1077
2.839	171.2277
2.84	171.1677
2.841	171.1677
2.842	171.1777
2.843	171.0877
2.844	171.0677
2.845	171.0677
2.846	171.0777
2.847	171.1277
2.848	171.2577
2.849	171.2277
2.85	171.0877
2.851	171.0677
2.852	171.0677
2.853	171.0377
2.854	171.0477
2.855	171.1477
2.856	171.2077
2.857	171.2077
2.858	171.2277
2.859	171.1477
2.86	170.9877
2.861	171.0077
2.862	171.0777
2.863	171.1277
2.864	171.2077
2.865	171.2277
2.866	171.1677
2.867	171.0677
2.868	171.0977
2.869	171.0877
2.87	171.0777
2.871	171.1577
2.872	171.1777
2.873	171.1877
2.874	171.1677
2.875	171.0877
2.876	171.0377
2.877	171.0677
2.878	171.1477
2.879	171.2477
2.88	171.1977
2.881	171.1277
2.882	171.0677
2.883	171.0577
2.884	171.0977
2.885	171.0077
2.886	171.0977
2.887	171.2177
2.888	171.2377
2.889	171.2477
2.89	171.0777
2.891	170.9877
2.892	171.0477
2.893	171.0977
2.894	171.1377
2.895	171.1577
2.896	171.1877
2.897	171.1377
2.898	171.1077
2.899	171.1277
2.9	171.0777
2.901	171.0477
2.902	171.1077
2.903	171.2077
2.904	171.1877
2.905	171.1477
2.906	171.0977
2.907	171.0777
2.908	171.1377
2.909	171.1477
2.91	171.1177
2.911	171.1977
2.912	171.2377
2.913	171.1577
2.914	171.0677
2.915	171.0377
2.916	171.1077
2.917	171.0577
2.918	171.1577
2.919	171.2877
2.92	171.1277
2.921	171.0677
2.922	171.0577
2.923	171.0477
2.924	171.0177
2.925	171.1077
2.926	171.2077
2.927	171.1677
2.928	171.2477
2.929	171.1677
2.93	171.0477
2.931	171.0477
2.932	171.0977
2.933	171.1077
2.934	171.1477
2.935	171.2377
2.936	171.1377
2.937	171.0877
2.938	171.0977
2.939	171.1077
2.94	171.0477
2.941	171.0977
2.942	171.2277
2.943	171.1577
2.944	171.1677
2.945	171.0977
2.946	171.0877
2.947	171.1177
2.948	171.0877
2.949	171.1877
2.95	171.1577
2.951	171.1677
2.952	171.1877
2.953	171.0677
2.954	171.0377
2.955	171.0677
2.956	171.1077
2.957	171.1377
2.958	171.2477
2.959	171.3077
2.96	171.1177
2.961	171.0177
2.962	171.0177
2.963	171.0377
2.964	171.1077
2.965	171.0977
2.966	171.1977
2.967	171.1977
2.968	171.1777
2.969	171.1677
2.97	170.9877
2.971	171.0177
2.972	171.0777
2.973	171.1177
2.974	171.2077
2.975	171.1177
2.976	171.1077
2.977	171.0977
2.978	171.0477
2.979	171.0777
2.98	171.0777
2.981	171.1577
2.982	171.2277
2.983	171.1877
2.984	171.0777
2.985	171.0577
2.986	171.0977
2.987	171.0477
2.988	171.1377
2.989	171.2577
2.99	171.1677
2.991	171.0977
2.992	171.0577
2.993	171.0377
2.994	171.0477
2.995	170.9877
2.996	171.0777
2.997	171.1977
2.998	171.2177
2.999	171.2077
3	171.0677
3.001	170.9877
3.002	171.0677
3.003	171.0377
3.004	171.0677
3.005	171.2077
3.006	171.1777
3.007	171.0777
3.008	171.0577
3.009	171.0577
3.01	170.9977
3.011	171.0277
3.012	171.1577
3.013	171.2277
3.014	171.2177
3.015	171.1177
3.016	171.0477
3.017	171.0077
3.018	171.0477
3.019	171.1377
3.02	171.1277
3.021	171.1977
3.022	171.1777
3.023	171.0877
3.024	171.0877
3.025	171.0377
3.026	171.0777
3.027	171.0777
3.028	171.1877
3.029	171.2877
3.03	171.1177
3.031	171.0677
3.032	171.0177
3.033	171.0277
3.034	171.0877
3.035	171.0877
3.036	171.2477
3.037	171.2477
3.038	171.1577
3.039	171.1277
3.04	171.0077
3.041	171.0277
3.042	171.0477
3.043	171.0577
3.044	171.2277
3.045	171.2277
3.046	171.1377
3.047	171.0677
3.048	171.0977
3.049	171.1077
3.05	171.0477
3.051	171.1377
3.052	171.1877
3.053	171.1877
3.054	171.1277
3.055	170.9877
3.056	171.0277
3.057	171.0677
3.058	171.0677
3.059	171.2577
3.06	171.2377
3.061	171.1377
3.062	171.1177
3.063	171.0377
3.064	171.0577
3.065	171.0477
3.066	171.1277
3.067	171.1377
3.068	171.2177
3.069	171.2777
3.07	171.0577
3.071	171.0877
3.072	171.0377
3.073	171.0177
3.074	171.1177
3.075	171.1577
3.076	171.3077
3.077	171.1877
3.078	171.0977
3.079	171.1277
3.08	171.0177
3.081	171.0077
3.082	171.0977
3.083	171.1877
3.084	171.2177
3.085	171.1477
3.086	171.0577
3.087	171.0477
3.088	171.0877
3.089	171.1077
3.09	171.1177
3.091	171.1577
3.092	171.1677
3.093	171.1477
3.094	171.0677
3.095	171.0577
3.096	171.0877
3.097	171.0677
3.098	171.1377
3.099	171.2877
3.1	171.2377
3.101	171.0977
3.102	171.0577
3.103	171.0677
3.104	171.0477
3.105	171.0077
3.106	171.1477
3.107	171.2077
3.108	171.2377
3.109	171.2277
3.11	171.0777
3.111	171.0577
3.112	171.0077
3.113	171.0877
3.114	171.2177
3.115	171.2077
3.116	171.2577
3.117	171.0977
3.118	171.0377
3.119	171.1177
3.12	171.0077
3.121	171.0477
3.122	171.1777
3.123	171.2077
3.124	171.1477
3.125	171.0877
3.126	171.0177
3.127	171.0177
3.128	171.1177
3.129	171.1177
3.13	171.1077
3.131	171.1877
3.132	171.1877
3.133	171.1177
3.134	171.0577
3.135	171.0477
3.136	171.0777
3.137	171.0777
3.138	171.2477
3.139	171.3177
3.14	171.0877
3.141	171.0377
3.142	171.0877
3.143	171.0777
3.144	171.0977
3.145	171.1077
3.146	171.2077
3.147	171.2377
3.148	171.1877
3.149	171.1677
3.15	171.0377
3.151	170.9777
3.152	171.1077
3.153	171.1577
3.154	171.2377
3.155	171.2677
3.156	171.1177
3.157	171.0277
3.158	171.0777
3.159	171.1577
3.16	171.0677
3.161	171.1077
3.162	171.2677
3.163	171.2177
3.164	171.1277
3.165	171.0677
3.166	171.0577
3.167	171.0677
3.168	171.1477
3.169	171.1977
3.17	171.1877
3.171	171.1477
3.172	171.0877
3.173	171.0777
3.174	171.0277
3.175	171.0377
3.176	171.1177
3.177	171.1977
3.178	171.2577
3.179	171.2377
3.18	171.1177
3.181	171.0477
3.182	171.1377
3.183	171.0377
3.184	171.0377
3.185	171.1977
3.186	171.2277
3.187	171.1677
3.188	171.1377
3.189	171.1377
3.19	171.0677
3.191	171.0577
3.192	171.0977
3.193	171.1777
3.194	171.1877
3.195	171.1077
3.196	171.0577
3.197	171.0377
3.198	171.0677
3.199	171.1377
3.2	171.1577
3.201	171.1377
3.202	171.1877
3.203	171.1477
3.204	171.0677
3.205	171.0477
3.206	171.0577
3.207	171.0877
3.208	171.1477
3.209	171.2777
3.21	171.2077
3.211	171.0877
3.212	171.0677
3.213	171.0677
3.214	171.1177
3.215	171.0977
3.216	171.1377
3.217	171.2577
3.218	171.2177
3.219	171.1577
3.22	171.0877
3.221	171.0477
3.222	171.0377
3.223	171.0677
3.224	171.1677
3.225	171.1977
3.226	171.1977
3.227	171.1377
3.228	171.1877
3.229	171.1277
3.23	171.0177
3.231	171.0877
3.232	171.1677
3.233	171.2277
3.234	171.1377
3.235	171.0377
3.236	171.0877
3.237	171.0377
3.238	171.0677
3.239	171.2277
3.24	171.1477
3.241	171.1677
3.242	171.2177
3.243	171.0977
3.244	171.0777
3.245	171.0477
3.246	171.0677
3.247	171.1377
3.248	171.3177
3.249	171.2777
3.25	171.0377
3.251	171.0577
3.252	171.0477
3.253	171.0677
3.254	171.1277
3.255	171.1577
3.256	171.2377
3.257	171.1977
3.258	171.1777
3.259	171.1277
3.26	171.0177
3.261	171.0477
3.262	171.0677
3.263	171.1577
3.264	171.2177
3.265	171.1377
3.266	171.1377
3.267	171.0677
3.268	171.0577
3.269	171.1377
3.27	171.0977
3.271	171.1477
3.272	171.2277
3.273	171.1877
3.274	171.1177
3.275	171.0177
3.276	171.0177
3.277	171.0577
3.278	171.1177
3.279	171.2377
3.28	171.2377
3.281	171.1377
3.282	171.0877
3.283	171.0677
3.284	171.0477
3.285	171.0677
3.286	171.1177
3.287	171.2177
3.288	171.2477
3.289	171.2077
3.29	171.1077
3.291	170.9577
3.292	171.0577
3.293	171.1277
3.294	171.0977
3.295	171.1777
3.296	171.1677
3.297	171.1077
3.298	171.0877
3.299	171.1177
3.3	171.0777
3.301	171.0277
3.302	171.1677
3.303	171.1977
3.304	171.1877
3.305	171.1777
3.306	171.0777
3.307	171.0477
3.308	171.1077
3.309	171.1777
3.31	171.0977
3.311	171.0977
3.312	171.1677
3.313	171.1077
3.314	171.0077
3.315	170.9877
3.316	171.0577
3.317	171.0777
3.318	171.1577
3.319	171.3077
3.32	171.1777
3.321	171.0377
3.322	171.1177
3.323	171.0677
3.324	171.0377
3.325	171.0977
3.326	171.1977
3.327	171.2277
3.328	171.1577
3.329	171.1977
3.33	171.0677
3.331	171.0077
3.332	171.0977
3.333	171.1077
3.334	171.1877
3.335	171.1677
3.336	171.1577
3.337	171.0777
3.338	171.0377
3.339	171.1277
3.34	171.0377
3.341	171.0977
3.342	171.2277
3.343	171.1877
3.344	171.1677
3.345	171.0877
3.346	171.0377
3.347	171.0177
3.348	171.1177
3.349	171.2277
3.35	171.0877
3.351	171.0877
3.352	171.1577
3.353	171.0877
3.354	171.0877
3.355	171.0477
3.356	171.1677
3.357	171.2177
3.358	171.2077
3.359	171.3077
3.36	171.1377
3.361	171.0477
3.362	171.0677
3.363	171.0477
3.364	171.1177
3.365	171.1477
3.366	171.1877
3.367	171.1777
3.368	171.1377
3.369	171.1377
3.37	171.0477
3.371	171.0277
3.372	171.1177
3.373	171.1477
3.374	171.1577
3.375	171.0777
3.376	171.0577
3.377	171.0977
3.378	171.0977
3.379	171.1677
3.38	171.1377
3.381	171.1177
3.382	171.1977
3.383	171.1777
3.384	171.1177
3.385	171.0977
3.386	171.0577
3.387	171.0477
3.388	171.1477
3.389	171.2177
3.39	171.1277
3.391	171.0977
3.392	171.1177
3.393	171.0277
3.394	171.0477
3.395	171.1277
3.396	171.0977
3.397	171.1377
3.398	171.2077
3.399	171.2277
3.4	171.1277
3.401	171.0477
3.402	171.0877
3.403	171.1177
3.404	171.1177
3.405	171.1477
3.406	171.2077
3.407	171.1277
3.408	171.1177
3.409	171.1577
3.41	171.0677
3.411	171.1177
3.412	171.1877
3.413	171.1377
3.414	171.1677
3.415	171.1577
3.416	171.1077
3.417	171.0877
3.418	171.0777
3.419	171.2077
3.42	171.1677
3.421	171.1077
3.422	171.1777
3.423	171.1477
3.424	171.1077
3.425	171.0777
3.426	171.0577
3.427	171.1177
3.428	171.1977
3.429	171.1877
3.43	171.0777
3.431	171.0777
3.432	171.1677
3.433	171.0977
3.434	171.1177
3.435	171.1677
3.436	171.1577
3.437	171.1377
3.438	171.1477
3.439	171.1977
3.44	171.0777
3.441	171.0377
3.442	171.1077
3.443	171.1677
3.444	171.1977
3.445	171.1277
3.446	171.1577
3.447	171.1277
3.448	171.1277
3.449	171.1177
3.45	171.0377
3.451	171.1077
3.452	171.1377
3.453	171.1477
3.454	171.1377
3.455	171.0677
3.456	171.0877
3.457	171.0677
3.458	171.1477
3.459	171.2577
3.46	171.1277
3.461	171.0977
3.462	171.1377
3.463	171.0977
3.464	171.1077
3.465	171.0977
3.466	171.1577
3.467	171.1677
3.468	171.1677
3.469	171.2177
3.47	171.0677
3.471	171.0377
3.472	171.0477
3.473	171.0677
3.474	171.1777
3.475	171.1077
3.476	171.1177
3.477	171.1577
3.478	171.0977
3.479	171.1777
3.48	171.0377
3.481	171.0077
3.482	171.1877
3.483	171.0777
3.484	171.0677
3.485	171.1277
3.486	171.0777
3.487	171.0877
3.488	171.1377
3.489	171.1777
3.49	171.1277
3.491	171.0877
3.492	171.0877
3.493	171.1577
3.494	171.1277
3.495	171.0577
3.496	171.1277
3.497	171.1277
3.498	171.1877
3.499	171.2177
3.5	171.1277
3.501	171.1277
3.502	171.1077
3.503	171.0477
3.504	171.0777
3.505	171.1677
3.506	171.1777
3.507	171.1577
3.508	171.1877
3.509	171.2777
3.51	171.0777
3.511	170.9777
3.512	171.1177
3.513	171.1077
3.514	171.1177
3.515	171.0777
3.516	171.1377
3.517	171.1477
3.518	171.0977
3.519	171.1377
3.52	171.1177
3.521	171.1077
3.522	171.0877
3.523	171.0877
3.524	171.1377
3.525	171.1477
3.526	171.1177
3.527	171.0977
3.528	171.1377
3.529	171.1977
3.53	171.1077
3.531	171.0777
3.532	171.1777
3.533	171.1377
3.534	171.1177
3.535	171.0877
3.536	171.1277
3.537	171.1877
3.538	171.1077
3.539	171.1877
3.54	171.2277
3.541	171.0977
3.542	171.0777
3.543	171.1077
3.544	171.1277
3.545	171.1477
3.546	171.0877
3.547	171.1077
3.548	171.2177
3.549	171.2077
3.55	171.1077
3.551	171.0977
3.552	171.1377
3.553	171.0877
3.554	171.0677
3.555	171.0777
3.556	171.0977
3.557	171.1277
3.558	171.0977
3.559	171.2077
3.56	171.1777
3.561	170.9977
3.562	171.0777
3.563	171.1177
3.564	171.1577
3.565	171.1177
3.566	171.0477
3.567	171.1177
3.568	171.1977
3.569	171.1677
3.57	171.0577
3.571	171.1077
3.572	171.1077
3.573	171.0977
3.574	171.0977
3.575	171.0977
3.576	171.1577
3.577	171.1177
3.578	171.1177
3.579	171.1877
3.58	171.1777
3.581	171.0477
3.582	171.0577
3.583	171.1477
3.584	171.0777
3.585	171.0477
3.586	171.1077
3.587	171.1277
3.588	171.1477
3.589	171.1677
3.59	171.1177
3.591	171.1177
3.592	171.1577
3.593	171.0977
3.594	171.0977
3.595	171.1577
3.596	171.1277
3.597	171.0977
3.598	171.1377
3.599	171.2077
3.6	171.1677
3.601	171.0977
3.602	171.1177
3.603	171.1277
3.604	171.1377
3.605	171.1077
3.606	171.1477
3.607	171.1677
3.608	171.1777
3.609	171.1977
3.61	171.0677
3.611	171.0877
3.612	171.1577
3.613	171.0977
3.614	171.1377
3.615	171.1377
3.616	171.0977
3.617	171.0877
3.618	171.1077
3.619	171.2377
3.62	171.1977
3.621	171.0777
3.622	171.1077
3.623	171.1977
3.624	171.1177
3.625	171.0377
3.626	171.1377
3.627	171.1077
3.628	171.1477
3.629	171.2077
3.63	171.1077
3.631	171.0977
3.632	171.0977
3.633	171.1277
3.634	171.1477
3.635	171.0877
3.636	171.0777
3.637	171.0977
3.638	171.1177
3.639	171.1977
3.64	171.1777
3.641	171.0577
3.642	171.1477
3.643	171.1777
3.644	171.1377
3.645	171.1577
3.646	171.1377
3.647	171.0977
3.648	171.0977
3.649	171.1777
3.65	171.1477
3.651	171.1077
3.652	171.0877
3.653	171.1277
3.654	171.2177
3.655	171.1077
3.656	171.0177
3.657	171.0677
3.658	171.1477
3.659	171.2077
3.66	171.1177
3.661	171.1277
3.662	171.1777
3.663	171.1277
3.664	171.1177
3.665	171.1177
3.666	171.1577
3.667	171.1277
3.668	171.0977
3.669	171.1977
3.67	171.1477
3.671	171.0477
3.672	171.1077
3.673	171.1277
3.674	171.0977
3.675	171.1377
3.676	171.0977
3.677	171.1077
3.678	171.1477
3.679	171.1077
3.68	171.1177
3.681	171.0477
3.682	171.1077
3.683	171.1777
3.684	171.0977
3.685	171.1477
3.686	171.1077
3.687	171.0377
3.688	171.1077
3.689	171.1577
3.69	171.1177
3.691	171.0777
3.692	171.1377
3.693	171.1477
3.694	171.1777
3.695	171.1177
3.696	171.0677
3.697	171.1577
3.698	171.1677
3.699	171.2077
3.7	171.1877
3.701	171.0977
3.702	171.1377
3.703	171.1077
3.704	171.1077
3.705	171.0777
3.706	171.0977
3.707	171.1477
3.708	171.1377
3.709	171.2477
3.71	171.1077
3.711	171.0077
3.712	171.1077
3.713	171.1077
3.714	171.1677
3.715	171.1577
3.716	171.1977
3.717	171.1777
3.718	171.0777
3.719	171.1777
3.72	171.1177
3.721	171.0677
3.722	171.1477
3.723	171.1377
3.724	171.1377
3.725	171.0977
3.726	171.0577
3.727	171.0877
3.728	171.1477
3.729	171.2177
3.73	171.1377
3.731	171.0877
3.732	171.1677
3.733	171.1277
3.734	171.0877
3.735	171.0977
3.736	171.0777
3.737	171.1177
3.738	171.1677
3.739	171.2277
3.74	171.1877
3.741	171.0677
3.742	171.0577
3.743	171.0877
3.744	171.1077
3.745	171.0877
3.746	171.1277
3.747	171.1577
3.748	171.1077
3.749	171.1377
3.75	171.0577
3.751	170.9477
3.752	171.0977
3.753	171.1277
3.754	171.1077
3.755	171.1477
3.756	171.1077
3.757	171.1277
3.758	171.0677
3.759	171.1177
3.76	171.1677
3.761	171.0877
3.762	171.1277
3.763	171.1477
3.764	171.1577
3.765	171.0977
3.766	171.0577
3.767	171.0677
3.768	171.1577
3.769	171.1877
3.77	171.1177
3.771	171.1477
3.772	171.0777
3.773	171.0577
3.774	171.0577
3.775	171.0677
3.776	171.1377
3.777	171.1577
3.778	171.1677
3.779	171.1977
3.78	171.1677
3.781	171.0377
3.782	171.0577
3.783	171.1177
3.784	171.1077
3.785	171.1577
3.786	171.1877
3.787	171.1477
3.788	171.1377
3.789	171.1177
3.79	171.0677
3.791	171.0677
3.792	171.1377
3.793	171.1777
3.794	171.1577
3.795	171.1377
3.796	171.0277
3.797	171.0577
3.798	171.1477
3.799	171.1677
3.8	171.1777
3.801	171.1077
3.802	171.1777
3.803	171.1577
3.804	171.1077
3.805	171.0977
3.806	171.0577
3.807	171.1277
3.808	171.1877
3.809	171.2777
3.81	171.2177
3.811	171.0877
3.812	171.1077
3.813	171.0677
3.814	171.0677
3.815	171.1177
3.816	171.1477
3.817	171.1777
3.818	171.1777
3.819	171.2077
3.82	171.1577
3.821	171.0077
3.822	171.0777
3.823	171.1577
3.824	171.1477
3.825	171.2077
3.826	171.2077
3.827	171.1377
3.828	171.0677
3.829	171.1577
3.83	171.1077
3.831	170.9977
3.832	171.1677
3.833	171.2177
3.834	171.1277
3.835	171.0877
3.836	171.0777
3.837	171.0577
3.838	171.0477
3.839	171.1877
3.84	171.1977
3.841	171.1377
3.842	171.1677
3.843	171.0777
3.844	171.0877
3.845	171.0777
3.846	171.0677
3.847	171.1377
3.848	171.1677
3.849	171.2777
3.85	171.1577
3.851	171.0077
3.852	171.0877
3.853	171.0877
3.854	171.1277
3.855	171.1377
3.856	171.1477
3.857	171.2077
3.858	171.1477
3.859	171.1677
3.86	171.1077
3.861	171.0177
3.862	171.0977
3.863	171.1777
3.864	171.2077
3.865	171.1877
3.866	171.1277
3.867	171.0977
3.868	171.0477
3.869	171.0877
3.87	171.1077
3.871	171.0877
3.872	171.2577
3.873	171.2177
3.874	171.0777
3.875	171.0877
3.876	171.0477
3.877	171.0677
3.878	171.1477
3.879	171.2677
3.88	171.2377
3.881	171.1277
3.882	171.0877
3.883	171.0277
3.884	171.0477
3.885	171.0377
3.886	171.0877
3.887	171.1877
3.888	171.2077
3.889	171.2477
3.89	171.1377
3.891	171.0177
3.892	171.0477
3.893	171.0177
3.894	171.1177
3.895	171.2377
3.896	171.1777
3.897	171.1477
3.898	171.1177
3.899	171.1077
3.9	171.1077
3.901	171.0577
3.902	171.0977
3.903	171.1977
3.904	171.2177
3.905	171.1177
3.906	171.0477
3.907	171.0477
3.908	171.0977
3.909	171.1577
3.91	171.2077
3.911	171.1677
3.912	171.1377
3.913	171.1677
3.914	171.0877
3.915	171.0377
3.916	171.0377
3.917	171.0777
3.918	171.1477
3.919	171.2277
3.92	171.2377
3.921	171.0677
3.922	171.0077
3.923	171.0077
3.924	171.0177
3.925	171.0777
3.926	171.1577
3.927	171.1977
3.928	171.1477
3.929	171.1177
3.93	171.0577
3.931	170.9877
3.932	171.0577
3.933	171.0777
3.934	171.1077
3.935	171.2177
3.936	171.1077
3.937	171.0677
3.938	171.0177
3.939	171.0577
3.94	171.1177
3.941	171.0277
3.942	171.1377
3.943	171.2077
3.944	171.1177
3.945	171.0777
3.946	171.0777
3.947	171.0377
3.948	171.0777
3.949	171.2077
3.95	171.1877
3.951	171.1277
3.952	171.0877
3.953	171.0777
3.954	171.0677
3.955	171.0477
3.956	171.1377
3.957	171.1977
3.958	171.2477
3.959	171.2277
3.96	171.1177
3.961	171.0277
3.962	171.0177
3.963	171.0777
3.964	171.0877
3.965	171.1877
3.966	171.2477
3.967	171.1477
3.968	171.0977
3.969	171.1077
3.97	171.0477
3.971	171.0277
3.972	171.1277
3.973	171.1777
3.974	171.2277
3.975	171.1677
3.976	171.0877
3.977	171.0577
3.978	171.0677
3.979	171.1377
3.98	171.1777
3.981	171.2077
3.982	171.1977
3.983	171.1677
3.984	171.1077
3.985	171.1177
3.986	171.0577
3.987	171.0277
3.988	171.1577
3.989	171.2577
3.99	171.2577
3.991	171.0777
3.992	171.0377
3.993	171.0277
3.994	171.0377
3.995	171.1077
3.996	171.1277
3.997	171.2677
3.998	171.2277
3.999	171.1477
4	171.0877
4.001	171.0177
4.002	171.0677
4.003	171.1077
4.004	171.1677
4.005	171.2477
4.006	171.2277
4.007	171.1577
4.008	171.0877
4.009	171.0777
4.01	171.0577
4.011	171.0477
4.012	171.1977
4.013	171.2277
4.014	171.1377
4.015	171.0677
4.016	171.0577
4.017	171.0877
4.018	171.0677
4.019	171.1677
4.02	171.2177
4.021	171.1977
4.022	171.1977
4.023	171.1077
4.024	171.0077
4.025	171.0377
4.026	171.0677
4.027	171.1177
4.028	171.2277
4.029	171.3077
4.03	171.1677
4.031	170.9877
4.032	171.0377
4.033	171.0177
4.034	171.0477
4.035	171.1277
4.036	171.1877
4.037	171.2377
4.038	171.1477
4.039	171.1277
4.04	171.0977
4.041	170.9977
4.042	171.0177
4.043	171.1177
4.044	171.2277
4.045	171.2077
4.046	171.1477
4.047	171.1177
4.048	171.0677
4.049	171.1177
4.05	171.1277
4.051	171.0677
4.052	171.1977
4.053	171.2177
4.054	171.0877
4.055	171.0677
4.056	171.0377
4.057	171.0177
4.058	171.0677
4.059	171.2277
4.06	171.2977
4.061	171.1577
4.062	171.0577
4.063	171.0477
4.064	171.0277
4.065	171.0177
4.066	171.0977
4.067	171.1977
4.068	171.2477
4.069	171.2877
4.07	171.0777
4.071	170.9577
4.072	171.0477
4.073	171.0577
4.074	171.0977
4.075	171.1577
4.076	171.2377
4.077	171.1777
4.078	171.0877
4.079	171.0977
4.08	171.0477
4.081	171.0077
4.082	171.1177
4.083	171.2177
4.084	171.2477
4.085	171.1977
4.086	171.0677
4.087	171.0677
4.088	171.0577
4.089	171.1177
4.09	171.1877
4.091	171.1577
4.092	171.2177
4.093	171.1577
4.094	171.0077
4.095	171.0077
4.096	171.0677
4.097	171.0577
4.098	171.1177
4.099	171.2577
4.1	171.2377
4.101	171.0377
4.102	171.0077
4.103	171.0377
4.104	171.0577
4.105	171.0777
4.106	171.1377
4.107	171.2377
4.108	171.1877
4.109	171.1277
4.11	171.0477
4.111	170.9977
4.112	171.0377
4.113	171.0677
4.114	171.1477
4.115	171.2277
4.116	171.2077
4.117	171.1177
4.118	171.0477
4.119	171.0877
4.12	171.0977
4.121	171.0177
4.122	171.1677
4.123	171.2477
4.124	171.1377
4.125	171.1377
4.126	171.0977
4.127	171.0177
4.128	171.0277
4.129	171.1777
4.13	171.2277
4.131	171.1777
4.132	171.1377
4.133	171.1277
4.134	171.0277
4.135	170.9677
4.136	171.0377
4.137	171.1077
4.138	171.2477
4.139	171.2877
4.14	171.1677
4.141	171.0577
4.142	170.9877
4.143	171.0677
4.144	171.0977
4.145	171.1077
4.146	171.2577
4.147	171.2277
4.148	171.1477
4.149	171.1177
4.15	171.0477
4.151	171.0077
4.152	171.0677
4.153	171.1777
4.154	171.2177
4.155	171.2177
4.156	171.1177
4.157	171.0877
4.158	171.0677
4.159	171.1077
4.16	171.1277
4.161	171.1077
4.162	171.2477
4.163	171.2077
4.164	171.0977
4.165	171.0577
4.166	171.0377
4.167	171.0477
4.168	171.1177
4.169	171.2577
4.17	171.2677
4.171	171.1277
4.172	171.0777
4.173	171.0377
4.174	171.0477
4.175	171.0277
4.176	171.0677
4.177	171.2477
4.178	171.2077
4.179	171.1977
4.18	171.1577
4.181	170.9877
4.182	171.0277
4.183	171.0377
4.184	171.0977
4.185	171.1977
4.186	171.1677
4.187	171.1677
4.188	171.1077
4.189	171.0877
4.19	171.1077
4.191	171.0377
4.192	171.1477
4.193	171.2077
4.194	171.1677
4.195	171.1477
4.196	171.0577
4.197	171.0277
4.198	171.0377
4.199	171.1377
4.2	171.1777
4.201	171.1777
4.202	171.2077
4.203	171.1577
4.204	171.1077
4.205	171.0577
4.206	171.0377
4.207	171.0877
4.208	171.1377
4.209	171.2877
4.21	171.2177
4.211	171.0077
4.212	171.0377
4.213	171.0677
4.214	171.0777
4.215	171.0777
4.216	171.1577
4.217	171.2477
4.218	171.1577
4.219	171.0977
4.22	171.1277
4.221	171.0477
4.222	171.0577
4.223	171.1177
4.224	171.1277
4.225	171.2377
4.226	171.1577
4.227	171.0977
4.228	171.0977
4.229	171.0977
4.23	171.0877
4.231	171.0677
4.232	171.1977
4.233	171.1777
4.234	171.1577
4.235	171.1377
4.236	171.0377
4.237	171.0877
4.238	171.1077
4.239	171.1677
4.24	171.2477
4.241	171.1877
4.242	171.1577
4.243	171.1077
4.244	171.0177
4.245	171.0277
4.246	171.1177
4.247	171.1477
4.248	171.2077
4.249	171.2877
4.25	171.1577
4.251	171.0377
4.252	171.0377
4.253	171.0977
4.254	171.1077
4.255	171.1077
4.256	171.1877
4.257	171.1577
4.258	171.1277
4.259	171.1177
4.26	171.0377
4.261	171.0177
4.262	171.0477
4.263	171.1477
4.264	171.2277
4.265	171.1477
4.266	171.0977
4.267	171.0977
4.268	171.0177
4.269	171.0677
4.27	171.1477
4.271	171.0977
4.272	171.1677
4.273	171.1877
4.274	171.0677
4.275	171.0577
4.276	171.0477
4.277	171.0877
4.278	171.1177
4.279	171.1677
4.28	171.2377
4.281	171.1177
4.282	171.0577
4.283	171.0977
4.284	171.1077
4.285	171.0777
4.286	171.1377
4.287	171.2077
4.288	171.1877
4.289	171.2377
4.29	171.0777
4.291	170.9377
4.292	171.0377
4.293	171.0777
4.294	171.1277
4.295	171.1877
4.296	171.1977
4.297	171.1777
4.298	171.0677
4.299	171.0877
4.3	171.1177
4.301	171.0377
4.302	171.0977
4.303	171.1577
4.304	171.1577
4.305	171.1377
4.306	171.0877
4.307	171.0777
4.308	171.0777
4.309	171.1777
4.31	171.2077
4.311	171.1477
4.312	171.1377
4.313	171.1277
4.314	171.0977
4.315	171.0877
4.316	171.0677
4.317	171.0477
4.318	171.1477
4.319	171.2577
4.32	171.2077
4.321	171.1077
4.322	171.0277
4.323	170.9877
4.324	171.0777
4.325	171.1377
4.326	171.1277
4.327	171.1777
4.328	171.1777
4.329	171.1177
4.33	171.0677
4.331	171.0377
4.332	171.0677
4.333	171.1377
4.334	171.1977
4.335	171.1477
4.336	171.1377
4.337	171.1077
4.338	171.0377
4.339	171.1377
4.34	171.1177
4.341	171.0677
4.342	171.1177
4.343	171.1277
4.344	171.1277
4.345	171.0677
4.346	171.0677
4.347	171.0677
4.348	171.1677
4.349	171.2477
4.35	171.1777
4.351	171.1577
4.352	171.0477
4.353	171.0477
4.354	171.0377
4.355	171.0277
4.356	171.1577
4.357	171.1477
4.358	171.1477
4.359	171.1977
4.36	171.1977
4.361	171.0277
4.362	170.9777
4.363	171.0777
4.364	171.0777
4.365	171.2277
4.366	171.2277
4.367	171.1477
4.368	171.1577
4.369	171.1277
4.37	171.0777
4.371	171.0177
4.372	171.1277
4.373	171.1777
4.374	171.1977
4.375	171.1777
4.376	171.1177
4.377	171.0977
4.378	171.0177
4.379	171.1177
4.38	171.1677
4.381	171.0977
4.382	171.1277
4.383	171.1577
4.384	171.0977
4.385	171.0877
4.386	171.0677
4.387	171.1177
4.388	171.1577
4.389	171.1477
4.39	171.2177
4.391	171.1377
4.392	171.0977
4.393	171.1177
4.394	171.0477
4.395	171.0777
4.396	171.1577
4.397	171.1877
4.398	171.1277
4.399	171.1677
4.4	171.1877
4.401	171.0377
4.402	171.0277
4.403	171.0877
4.404	171.1577
4.405	171.1577
4.406	171.1577
4.407	171.1377
4.408	171.0277
4.409	171.1277
4.41	171.1777
4.411	171.0577
4.412	171.0877
4.413	171.1277
4.414	171.1277
4.415	171.1377
4.416	171.0977
4.417	171.0477
4.418	171.0677
4.419	171.1977
4.42	171.2177
4.421	171.0777
4.422	171.1377
4.423	171.1477
4.424	171.0277
4.425	171.0477
4.426	171.1177
4.427	171.1177
4.428	171.1477
4.429	171.2077
4.43	171.1477
4.431	171.0577
4.432	171.0477
4.433	171.0677
4.434	171.1177
4.435	171.1477
4.436	171.1577
4.437	171.1277
4.438	171.1277
4.439	171.1577
4.44	171.1477
4.441	171.0377
4.442	171.0277
4.443	171.1477
4.444	171.1377
4.445	171.1077
4.446	171.1177
4.447	171.0877
4.448	171.0877
4.449	171.1477
4.45	171.1677
4.451	171.1177
4.452	171.1177
4.453	171.1377
4.454	171.1177
4.455	171.0777
4.456	171.0877
4.457	171.0777
4.458	171.0977
4.459	171.2177
4.46	171.2177
4.461	171.1077
4.462	171.0977
4.463	171.1277
4.464	171.0677
4.465	171.0677
4.466	171.1277
4.467	171.1377
4.468	171.1377
4.469	171.2077
4.47	171.2277
4.471	171.1177
4.472	171.0477
4.473	171.1277
4.474	171.1177
4.475	171.1177
4.476	171.1777
4.477	171.1577
4.478	171.1177
4.479	171.1377
4.48	171.1577
4.481	171.0677
4.482	171.0677
4.483	171.0877
4.484	171.1177
4.485	171.1677
4.486	171.0777
4.487	171.0677
4.488	171.0177
4.489	171.1777
4.49	171.2177
4.491	171.0277
4.492	171.1177
4.493	171.1077
4.494	171.0977
4.495	171.0877
4.496	171.0577
4.497	171.1177
4.498	171.0977
4.499	171.1777
4.5	171.1877
4.501	171.1077
4.502	171.0977
4.503	171.0677
4.504	171.0777
4.505	171.1277
4.506	171.1077
4.507	171.1277
4.508	171.1777
4.509	171.1977
4.51	171.1477
4.511	171.0277
4.512	171.0577
4.513	171.1477
4.514	171.1177
4.515	171.0777
4.516	171.1877
4.517	171.1577
4.518	171.0377
4.519	171.1377
4.52	171.1777
4.521	171.0977
4.522	171.0477
4.523	171.0477
4.524	171.1577
4.525	171.1677
4.526	171.0677
4.527	171.1077
4.528	171.1577
4.529	171.2277
4.53	171.1577
4.531	171.0277
4.532	171.0977
4.533	171.1377
4.534	171.1077
4.535	171.0377
4.536	171.0877
4.537	171.1277
4.538	171.0677
4.539	171.1677
4.54	171.2077
4.541	171.1377
4.542	171.1377
4.543	171.1077
4.544	171.0977
4.545	171.1177
4.546	171.1277
4.547	171.1077
4.548	171.1377
4.549	171.2077
4.55	171.1077
4.551	171.0177
4.552	171.0977
4.553	171.1577
4.554	171.1477
4.555	171.1077
4.556	171.1277
4.557	171.1477
4.558	171.0977
4.559	171.1777
4.56	171.2377
4.561	171.0577
4.562	171.0577
4.563	171.1277
4.564	171.1177
4.565	171.1177
4.566	171.0877
4.567	171.1477
4.568	171.1577
4.569	171.2077
4.57	171.1677
4.571	171.0777
4.572	171.1477
4.573	171.1177
4.574	171.1077
4.575	171.1477
4.576	171.1177
4.577	171.0977
4.578	171.0977
4.579	171.1677
4.58	171.1977
4.581	171.0877
4.582	171.0777
4.583	171.1677
4.584	171.1177
4.585	171.0877
4.586	171.0877
4.587	171.1277
4.588	171.1677
4.589	171.1177
4.59	171.1177
4.591	171.1177
4.592	171.0577
4.593	171.0377
4.594	171.1277
4.595	171.1277
4.596	171.0677
4.597	171.1177
4.598	171.1177
4.599	171.1377
4.6	171.1977
4.601	171.0877
4.602	171.0677
4.603	171.1677
4.604	171.1077
4.605	171.0877
4.606	171.1277
4.607	171.1077
4.608	171.0877
4.609	171.0877
4.61	171.1677
4.611	171.1377
4.612	171.0877
4.613	171.1177
4.614	171.1277
4.615	171.1277
4.616	171.1177
4.617	171.0777
4.618	171.0577
4.619	171.1877
4.62	171.2077
4.621	171.0677
4.622	171.0977
4.623	171.1877
4.624	171.1177
4.625	171.0677
4.626	171.0977
4.627	171.0977
4.628	171.1277
4.629	171.1177
4.63	171.1377
4.631	171.0977
4.632	171.0377
4.633	171.0877
4.634	171.1477
4.635	171.1077
4.636	171.0277
4.637	171.1477
4.638	171.1577
4.639	171.1377
4.64	171.1577
4.641	171.0477
4.642	171.0877
4.643	171.1477
4.644	171.1077
4.645	171.0877
4.646	171.1377
4.647	171.1377
4.648	171.0577
4.649	171.1477
4.65	171.1877
4.651	171.0977
4.652	171.1077
4.653	171.1277
4.654	171.1377
4.655	171.1177
4.656	171.0777
4.657	171.0977
4.658	171.1577
4.659	171.1577
4.66	171.1077
4.661	171.0877
4.662	171.0577
4.663	171.0977
4.664	171.0977
4.665	171.1277
4.666	171.1477
4.667	171.0577
4.668	171.1277
4.669	171.1477
4.67	171.1177
4.671	171.0277
4.672	171.0177
4.673	171.1077
4.674	171.0877
4.675	171.1377
4.676	171.0877
4.677	171.1377
4.678	171.1477
4.679	171.1177
4.68	171.1477
4.681	171.0477
4.682	171.1077
4.683	171.1377
4.684	171.1177
4.685	171.1077
4.686	171.0577
4.687	171.0777
4.688	171.0677
4.689	171.1877
4.69	171.1577
4.691	171.0877
4.692	171.1177
4.693	171.1277
4.694	171.1177
4.695	171.0277
4.696	171.0677
4.697	171.0777
4.698	171.1177
4.699	171.1977
4.7	171.2077
4.701	171.1277
4.702	171.0277
4.703	171.0377
4.704	171.1077
4.705	171.1177
4.706	171.1077
4.707	171.1277
4.708	171.1277
4.709	171.1977
4.71	171.1677
4.711	171.0177
4.712	171.0577
4.713	171.1177
4.714	171.1377
4.715	171.1677
4.716	171.1077
4.717	171.1077
4.718	171.0677
4.719	171.1077
4.72	171.1477
4.721	171.1177
4.722	171.1377
4.723	171.1377
4.724	171.2077
4.725	171.1377
4.726	171.0377
4.727	171.0377
4.728	171.0777
4.729	171.1577
4.73	171.1877
4.731	171.1077
4.732	171.0777
4.733	171.1277
4.734	171.0777
4.735	171.0177
4.736	171.0377
4.737	171.1477
4.738	171.1677
4.739	171.2077
4.74	171.2677
4.741	171.0877
4.742	171.0077
4.743	171.0877
4.744	171.1277
4.745	171.1377
4.746	171.1777
4.747	171.1577
4.748	171.1377
4.749	171.1877
4.75	171.0977
4.751	171.0177
4.752	171.1077
4.753	171.1477
4.754	171.1577
4.755	171.1277
4.756	171.0877
4.757	171.0677
4.758	171.0577
4.759	171.1377
4.76	171.1777
4.761	171.1077
4.762	171.0977
4.763	171.1377
4.764	171.0877
4.765	171.0377
4.766	171.0477
4.767	171.0477
4.768	171.0977
4.769	171.1977
4.77	171.1777
4.771	171.1077
4.772	171.1177
4.773	171.0477
4.774	171.0177
4.775	171.1277
4.776	171.1377
4.777	171.1377
4.778	171.1677
4.779	171.1877
4.78	171.1777
4.781	170.9877
4.782	171.0077
4.783	171.1177
4.784	171.0677
4.785	171.1577
4.786	171.1977
4.787	171.1577
4.788	171.1177
4.789	171.1477
4.79	171.0977
4.791	171.0177
4.792	171.0977
4.793	171.1377
4.794	171.1577
4.795	171.1377
4.796	171.0677
4.797	171.0377
4.798	171.0177
4.799	171.1477
4.8	171.2577
4.801	171.1477
4.802	171.1277
4.803	171.1377
4.804	171.0677
4.805	171.0777
4.806	171.0377
4.807	171.1077
4.808	171.2077
4.809	171.2177
4.81	171.1977
4.811	171.0577
4.812	171.0577
4.813	171.0677
4.814	171.0977
4.815	171.1477
4.816	171.1377
4.817	171.1977
4.818	171.1777
4.819	171.1477
4.82	171.1177
4.821	170.9977
4.822	171.0477
4.823	171.1277
4.824	171.1677
4.825	171.2077
4.826	171.1677
4.827	171.1777
4.828	171.1077
4.829	171.0777
4.83	171.1477
4.831	171.0677
4.832	171.1477
4.833	171.2077
4.834	171.1377
4.835	171.0977
4.836	171.0577
4.837	171.0777
4.838	171.0777
4.839	171.1877
4.84	171.2377
4.841	171.1477
4.842	171.1377
4.843	171.1077
4.844	171.0477
4.845	171.0577
4.846	171.1077
4.847	171.1177
4.848	171.1577
4.849	171.2177
4.85	171.1977
4.851	171.0377
4.852	170.9977
4.853	171.0977
4.854	171.0677
4.855	171.1177
4.856	171.1677
4.857	171.1477
4.858	171.1077
4.859	171.0777
4.86	171.1677
4.861	171.0377
4.862	171.0577
4.863	171.1877
4.864	171.1477
4.865	171.1677
4.866	171.0677
4.867	171.0877
4.868	171.0577
4.869	171.0577
4.87	171.1577
4.871	171.1477
4.872	171.1777
4.873	171.1177
4.874	171.0877
4.875	171.0577
4.876	170.9977
4.877	171.0677
4.878	171.1177
4.879	171.1877
4.88	171.2877
4.881	171.1377
4.882	170.9677
4.883	171.0277
4.884	171.0177
4.885	171.0577
4.886	171.1777
4.887	171.1877
4.888	171.1577
4.889	171.1777
4.89	171.1377
4.891	170.9977
4.892	170.9877
4.893	171.0777
4.894	171.1377
4.895	171.1677
4.896	171.2177
4.897	171.1477
4.898	171.0277
4.899	171.0677
4.9	171.0977
4.901	171.0577
4.902	171.1377
4.903	171.2077
4.904	171.1677
4.905	171.0577
4.906	171.0277
4.907	171.0877
4.908	171.0277
4.909	171.1577
4.91	171.2877
4.911	171.1477
4.912	171.1177
4.913	171.0877
4.914	171.0477
4.915	171.0277
4.916	171.0177
4.917	171.0977
4.918	171.1577
4.919	171.2577
4.92	171.2277
4.921	171.0977
4.922	171.0577
4.923	171.0277
4.924	171.0377
4.925	171.0877
4.926	171.2077
4.927	171.2077
4.928	171.1177
4.929	171.1277
4.93	171.1377
4.931	171.0677
4.932	171.0377
4.933	171.1577
4.934	171.1877
4.935	171.1677
4.936	171.1277
4.937	171.0677
4.938	171.0577
4.939	171.0577
4.94	171.1677
4.941	171.1477
4.942	171.1377
4.943	171.2577
4.944	171.1677
4.945	171.0577
4.946	171.0177
4.947	171.0577
4.948	171.0777
4.949	171.1577
4.95	171.2677
4.951	171.1677
4.952	171.0977
4.953	171.0377
4.954	171.0477
4.955	171.0477
4.956	171.0577
4.957	171.1977
4.958	171.1977
4.959	171.2377
4.96	171.2077
4.961	170.9977
4.962	170.9677
4.963	171.0477
4.964	171.1277
4.965	171.2077
4.966	171.2477
4.967	171.1777
4.968	171.1077
4.969	171.0777
4.97	171.0577
4.971	171.0177
4.972	171.0477
4.973	171.1877
4.974	171.2177
4.975	171.1877
4.976	171.1077
4.977	171.0677
4.978	171.0177
4.979	171.0877
4.98	171.1777
4.981	171.1277
4.982	171.2277
4.983	171.1577
4.984	171.0577
4.985	171.0977
4.986	171.0377
4.987	171.0577
4.988	171.0877
4.989	171.2677
4.99	171.2977
4.991	171.0777
4.992	171.0177
4.993	171.0477
4.994	171.0677
4.995	171.0477
4.996	171.1677
4.997	171.2577
4.998	171.1877
4.999	171.1477
5	171.1177
5.001	171.0477
5.002	171.0477
5.003	171.0977
5.004	171.1877
5.005	171.2477
5.006	171.1877
5.007	171.1677
5.008	171.0777
5.009	171.1177
5.01	171.1477
5.011	171.0377
5.012	171.1877
5.013	171.2777
5.014	171.1977
5.015	171.1177
5.016	171.0377
5.017	171.0177
5.018	171.0677
5.019	171.1477
5.02	171.1677
5.021	171.1977
5.022	171.1177
5.023	171.0777
5.024	171.0477
5.025	170.9777
5.026	171.0377
5.027	171.1077
5.028	171.1577
5.029	171.2277
5.03	171.2277
5.031	171.0477
5.032	171.0277
5.033	171.1577
5.034	171.0677
5.035	171.1177
5.036	171.2577
5.037	171.1777
5.038	171.0977
5.039	171.1077
5.04	171.1277
5.041	170.9977
5.042	170.9977
5.043	171.1577
5.044	171.1977
5.045	171.1877
5.046	171.1277
5.047	171.0577
5.048	171.0677
5.049	171.1177
5.05	171.1477
5.051	171.1677
5.052	171.1577
5.053	171.1777
5.054	171.0977
5.055	171.0077
5.056	171.0477
5.057	171.0477
5.058	171.0677
5.059	171.1777
5.06	171.3077
5.061	171.1977
5.062	171.0377
5.063	171.0277
5.064	171.0377
5.065	171.0577
5.066	171.0577
5.067	171.1577
5.068	171.2377
5.069	171.2677
5.07	171.2177
5.071	171.0477
5.072	171.0177
5.073	171.0977
5.074	171.0777
5.075	171.1877
5.076	171.2777
5.077	171.1377
5.078	171.0377
5.079	171.0577
5.08	171.1177
5.081	171.0377
5.082	171.0777
5.083	171.2577
5.084	171.2377
5.085	171.1477
5.086	171.0877
5.087	171.0477
5.088	171.0477
5.089	171.0977
5.09	171.1877
5.091	171.2377
5.092	171.1977
5.093	171.1277
5.094	171.1077
5.095	171.0877
5.096	171.0777
5.097	171.1077
5.098	171.1377
5.099	171.2177
5.1	171.2877
5.101	171.1577
5.102	170.9877
5.103	171.0077
5.104	171.0477
5.105	171.0577
5.106	171.1577
5.107	171.2477
5.108	171.2077
5.109	171.1077
5.11	171.0877
5.111	171.0177
5.112	171.0077
5.113	171.0777
5.114	171.1277
5.115	171.2277
5.116	171.2177
5.117	171.0977
5.118	171.0177
5.119	171.0377
5.12	171.1477
5.121	171.1477
5.122	171.1377
5.123	171.2377
5.124	171.1877
5.125	171.0677
5.126	171.0377
5.127	171.0577
5.128	171.0877
5.129	171.1277
5.13	171.2577
5.131	171.1677
5.132	171.0477
5.133	171.0677
5.134	171.0277
5.135	171.0477
5.136	171.0677
5.137	171.0977
5.138	171.2177
5.139	171.2577
5.14	171.1977
5.141	171.0977
5.142	170.9677
5.143	171.0177
5.144	171.0577
5.145	171.0577
5.146	171.1977
5.147	171.1977
5.148	171.1277
5.149	171.1177
5.15	171.0877
5.151	171.0177
5.152	171.0077
5.153	171.1677
5.154	171.2577
5.155	171.1977
5.156	171.0777
5.157	171.0677
5.158	171.0477
5.159	171.0577
5.16	171.1877
5.161	171.1877
5.162	171.1877
5.163	171.1677
5.164	171.0777
5.165	171.0377
5.166	171.0277
5.167	171.0777
5.168	171.1377
5.169	171.1877
5.17	171.2877
5.171	171.1177
5.172	170.9977
5.173	171.0177
5.174	170.9977
5.175	171.0777
5.176	171.0777
5.177	171.1877
5.178	171.1977
5.179	171.1177
5.18	171.1477
5.181	171.0277
5.182	170.9677
5.183	171.0377
5.184	171.1077
5.185	171.1477
5.186	171.2177
5.187	171.1277
5.188	171.0177
5.189	171.1177
5.19	171.0977
5.191	171.0577
5.192	171.0477
5.193	171.1777
5.194	171.2177
5.195	171.0877
5.196	171.0377
5.197	171.0477
5.198	171.0377
5.199	171.0577
5.2	171.2177
5.201	171.1777
5.202	171.1577
5.203	171.1477
5.204	170.9977
5.205	171.0377
5.206	171.0677
5.207	171.1077
5.208	171.1277
5.209	171.1977
5.21	171.2477
5.211	171.0877
5.212	171.0177
5.213	171.0477
5.214	171.0577
5.215	171.1377
5.216	171.1577
5.217	171.1977
5.218	171.1977
5.219	171.0977
5.22	171.0777
5.221	171.0377
5.222	171.0177
5.223	171.1377
5.224	171.1577
5.225	171.1677
5.226	171.1777
5.227	171.0577
5.228	171.0277
5.229	171.0977
5.23	171.1277
5.231	171.0577
5.232	171.1077
5.233	171.2177
5.234	171.1477
5.235	171.0477
5.236	171.0477
5.237	171.0577
5.238	171.0677
5.239	171.1377
5.24	171.2777
5.241	171.2277
5.242	171.0877
5.243	171.1377
5.244	171.0377
5.245	170.9777
5.246	171.0477
5.247	171.1477
5.248	171.2277
5.249	171.1677
5.25	171.1677
5.251	171.0377
5.252	170.9577
5.253	171.0777
5.254	171.0777
5.255	171.1277
5.256	171.1977
5.257	171.2077
5.258	171.1177
5.259	171.0377
5.26	171.1477
5.261	171.0577
5.262	171.0377
5.263	171.1377
5.264	171.1577
5.265	171.1977
5.266	171.0877
5.267	171.0377
5.268	171.0477
5.269	171.0977
5.27	171.1577
5.271	171.1377
5.272	171.1377
5.273	171.1077
5.274	171.1177
5.275	171.0477
5.276	170.9677
5.277	171.0977
5.278	171.1477
5.279	171.1877
5.28	171.2677
5.281	171.1877
5.282	171.0777
5.283	171.0177
5.284	171.0277
5.285	171.1077
5.286	171.1277
5.287	171.1477
5.288	171.1677
5.289	171.1677
5.29	171.0977
5.291	170.9877
5.292	171.0077
5.293	171.0977
5.294	171.1177
5.295	171.1977
5.296	171.1477
5.297	171.0777
5.298	171.1177
5.299	171.0377
5.3	171.0977
5.301	171.0977
5.302	171.0577
5.303	171.2077
5.304	171.2077
5.305	171.1777
5.306	171.0777
5.307	171.0577
5.308	171.0677
5.309	171.1177
5.31	171.2477
5.311	171.1377
5.312	171.1177
5.313	171.1577
5.314	171.0577
5.315	171.0577
5.316	171.1077
5.317	171.1077
5.318	171.1377
5.319	171.1677
5.32	171.2577
5.321	171.1377
5.322	170.9777
5.323	171.0877
5.324	171.0677
5.325	171.1377
5.326	171.1877
5.327	171.1677
5.328	171.1777
5.329	171.0677
5.33	171.1577
5.331	171.0577
5.332	170.9777
5.333	171.1477
5.334	171.1377
5.335	171.1877
5.336	171.1777
5.337	171.0177
5.338	171.0477
5.339	171.0777
5.34	171.0877
5.341	171.1477
5.342	171.1177
5.343	171.1477
5.344	171.1277
5.345	171.0477
5.346	171.0177
5.347	171.0377
5.348	171.0877
5.349	171.1577
5.35	171.2777
5.351	171.1477
5.352	171.0477
5.353	171.0977
5.354	171.0277
5.355	171.0377
5.356	171.0677
5.357	171.1077
5.358	171.1477
5.359	171.1277
5.36	171.1877
5.361	171.0977
5.362	171.0177
5.363	171.1177
5.364	171.1077
5.365	171.1677
5.366	171.1677
5.367	171.2077
5.368	171.2077
5.369	171.0977
5.37	171.1277
5.371	170.9977
5.372	171.0377
5.373	171.1577
5.374	171.1777
5.375	171.1977
5.376	171.0577
5.377	171.0477
5.378	171.0377
5.379	171.0677
5.38	171.1877
5.381	171.0977
5.382	171.1277
5.383	171.1477
5.384	171.0977
5.385	171.0977
5.386	171.0577
5.387	171.1377
5.388	171.1177
5.389	171.1677
5.39	171.2277
5.391	171.1077
5.392	171.0477
5.393	171.1077
5.394	171.0977
5.395	171.1077
5.396	171.1577
5.397	171.1577
5.398	171.1177
5.399	171.1277
5.4	171.1777
5.401	171.0577
5.402	171.0377
5.403	171.1277
5.404	171.1077
5.405	171.1077
5.406	171.1577
5.407	171.1377
5.408	171.0277
5.409	171.0777
5.41	171.1377
5.411	171.0877
5.412	171.0977
5.413	171.1677
5.414	171.1477
5.415	171.1377
5.416	171.1077
5.417	171.0677
5.418	171.1377
5.419	171.1477
5.42	171.2177
5.421	171.1777
5.422	171.0577
5.423	171.1477
5.424	171.1377
5.425	171.0777
5.426	171.1277
5.427	171.1377
5.428	171.1477
5.429	171.2177
5.43	171.1977
5.431	171.0777
5.432	170.9877
5.433	171.0377
5.434	171.1177
5.435	171.1077
5.436	171.1077
5.437	171.1277
5.438	171.1377
5.439	171.1177
5.44	171.1377
5.441	171.0977
5.442	171.0277
5.443	171.0777
5.444	171.1277
5.445	171.1677
5.446	171.1677
5.447	171.1577
5.448	171.0977
5.449	171.0777
5.45	171.1777
5.451	171.0877
5.452	171.1077
5.453	171.1577
5.454	171.0977
5.455	171.1177
5.456	171.0377
5.457	171.1077
5.458	171.1677
5.459	171.1077
5.46	171.1877
5.461	171.1477
5.462	171.0877
5.463	171.1477
5.464	171.0577
5.465	171.0977
5.466	171.1777
5.467	171.0977
5.468	171.1277
5.469	171.1777
5.47	171.1877
5.471	171.0677
5.472	170.9777
5.473	171.0977
5.474	171.1177
5.475	171.1077
5.476	171.0877
5.477	171.0977
5.478	171.0577
5.479	171.0577
5.48	171.1777
5.481	171.1177
5.482	171.1077
5.483	171.0977
5.484	171.0877
5.485	171.1577
5.486	171.1277
5.487	171.0577
5.488	171.0377
5.489	171.1777
5.49	171.1677
5.491	171.0577
5.492	171.0577
5.493	171.0977
5.494	171.1177
5.495	171.0477
5.496	171.0277
5.497	171.1277
5.498	171.1877
5.499	171.1277
5.5	171.1877
5.501	171.1477
5.502	171.0377
5.503	171.0777
5.504	171.0977
5.505	171.1177
5.506	171.0977
5.507	171.1177
5.508	171.1577
5.509	171.1277
5.51	171.1777
5.511	171.0677
5.512	171.0477
5.513	171.1777
5.514	171.0877
5.515	171.0577
5.516	171.1177
5.517	171.1477
5.518	171.0777
5.519	171.1077
5.52	171.1677
5.521	171.1477
5.522	171.1177
5.523	171.1177
5.524	171.1877
5.525	171.1577
5.526	171.0977
5.527	171.0577
5.528	171.0877
5.529	171.1977
5.53	171.1577
5.531	171.1077
5.532	171.0977
5.533	171.0977
5.534	171.0577
5.535	171.0577
5.536	171.1177
5.537	171.0977
5.538	171.0777
5.539	171.0777
5.54	171.1877
5.541	171.1177
5.542	171.0377
5.543	171.1077
5.544	171.1077
5.545	171.1277
5.546	171.0777
5.547	171.1477
5.548	171.1177
5.549	171.1077
5.55	171.1577
5.551	171.0777
5.552	171.1077
5.553	171.0777
5.554	171.0777
5.555	171.1177
5.556	171.0877
5.557	171.1377
5.558	171.0877
5.559	171.0677
5.56	171.1977
5.561	171.1477
5.562	171.0177
5.563	171.0977
5.564	171.1177
5.565	171.0977
5.566	171.0877
5.567	171.0977
5.568	171.1477
5.569	171.0577
5.57	171.1177
5.571	171.1477
5.572	171.0677
5.573	171.1277
5.574	171.0877
5.575	171.1077
5.576	171.1177
5.577	171.0877
5.578	171.0777
5.579	171.1477
5.58	171.1977
5.581	171.0577
5.582	171.0377
5.583	171.1277
5.584	171.1377
5.585	171.0577
5.586	171.0577
5.587	171.1177
5.588	171.0677
5.589	171.0777
5.59	171.1877
5.591	171.1377
5.592	171.0877
5.593	171.0677
5.594	171.0977
5.595	171.0877
5.596	171.1377
5.597	171.0677
5.598	171.1177
5.599	171.2377
5.6	171.0977
5.601	171.2577
5.602	170.8777
5.603	171.2877
5.604	170.9977
5.605	171.1577
5.606	171.1277
5.607	170.9677
5.608	171.5577